   1.00000  10.60200   2.40187  21.03500   0.22055   3.39386  12.87441   0.88345   0.01452   0.01302   0.01597   0.01100   0.00100   0.00027   0.00134   0.00011   0.00519   0.01011   0.00140
   1.00000  10.60200   2.42841  21.03500   0.22371   3.43136  12.78710   0.86049   0.01462   0.01313   0.01595   0.01100   0.00100   0.00024   0.00123   0.00011   0.00518   0.01011   0.00140
   1.00000  10.60200   2.45495  21.03500   0.22690   3.46886  12.69980   0.85884   0.01480   0.01333   0.01594   0.01100   0.00100   0.00023   0.00113   0.00011   0.00516   0.01011   0.00140
   1.00000  10.60200   2.48149  21.03500   0.23010   3.50636  12.61249   0.87278   0.01488   0.01342   0.01593   0.01100   0.00100   0.00028   0.00104   0.00011   0.00515   0.01011   0.00140
   1.00000  10.60200   2.50803  21.03500   0.23332   3.54386  12.52519   0.87291   0.01495   0.01351   0.01592   0.01100   0.00100   0.00024   0.00096   0.00011   0.00514   0.01011   0.00140
   1.00000  10.60200   2.53457  21.03500   0.23657   3.58136  12.43788   0.90653   0.01506   0.01365   0.01592   0.01100   0.00100   0.00024   0.00088   0.00012   0.00513   0.01011   0.00140
   1.00000  10.60200   2.56111  21.03500   0.23983   3.61886  12.35058   0.88042   0.01514   0.01375   0.01591   0.01100   0.00100   0.00027   0.00081   0.00012   0.00512   0.01011   0.00140
   1.00000  10.60200   2.58765  21.03500   0.24312   3.65637  12.26327   0.85413   0.01525   0.01386   0.01590   0.01100   0.00100   0.00027   0.00075   0.00012   0.00511   0.01011   0.00140
   1.00000  10.60200   2.61419  21.03500   0.24643   3.69387  12.17597   0.86726   0.01542   0.01405   0.01590   0.01100   0.00100   0.00028   0.00069   0.00012   0.00510   0.01011   0.00140
   1.00000  10.60200   2.64073  21.03500   0.24976   3.73137  12.08866   0.89455   0.01562   0.01425   0.01590   0.01100   0.00100   0.00033   0.00063   0.00012   0.00510   0.01011   0.00140
   1.00000  10.60200   2.66727  21.03500   0.25312   3.76887  12.00136   0.87790   0.01580   0.01445   0.01589   0.01100   0.00100   0.00030   0.00058   0.00012   0.00509   0.01011   0.00140
   1.00000  10.60200   2.69381  21.03500   0.25649   3.80637  11.91406   0.86881   0.01603   0.01471   0.01589   0.01100   0.00100   0.00031   0.00054   0.00012   0.00508   0.01011   0.00140
   1.00000  10.60200   2.72035  21.03500   0.25989   3.84387  11.82675   0.89789   0.01624   0.01495   0.01588   0.01100   0.00100   0.00032   0.00049   0.00012   0.00508   0.01011   0.00140
   1.00000  10.60200   2.74689  21.03500   0.26331   3.88137  11.73945   0.85850   0.01647   0.01519   0.01588   0.01100   0.00100   0.00033   0.00045   0.00012   0.00507   0.01011   0.00140
   1.00000  10.60200   2.77343  21.03500   0.26676   3.91887  11.65214   0.85050   0.01668   0.01541   0.01588   0.01100   0.00100   0.00035   0.00042   0.00013   0.00507   0.01011   0.00140
   1.00000  10.60200   2.79997  21.03500   0.27023   3.95637  11.56484   0.87211   0.01670   0.01547   0.01588   0.01100   0.00100   0.00033   0.00038   0.00013   0.00506   0.01011   0.00140
   1.00000  10.60200   2.82651  21.03500   0.27372   3.99388  11.47753   0.86348   0.01711   0.01589   0.01587   0.01100   0.00100   0.00033   0.00035   0.00013   0.00506   0.01011   0.00140
   1.00000  10.60200   2.85305  21.03500   0.27724   4.03138  11.39023   0.88472   0.01731   0.01609   0.01587   0.01100   0.00100   0.00037   0.00033   0.00013   0.00505   0.01011   0.00140
   1.00000  10.60200   2.87959  21.03500   0.28078   4.06888  11.30292   0.85740   0.01743   0.01624   0.01587   0.01100   0.00100   0.00034   0.00030   0.00013   0.00505   0.01011   0.00140
   1.00000  10.60200   2.90613  21.03500   0.28434   4.10638  11.21562   0.84905   0.01774   0.01657   0.01587   0.01100   0.00100   0.00034   0.00028   0.00013   0.00505   0.01011   0.00140
   1.00000  10.60200   2.93267  21.03500   0.28793   4.14388  11.12831   0.85708   0.01795   0.01679   0.01587   0.01100   0.00100   0.00035   0.00025   0.00013   0.00504   0.01011   0.00140
   1.00000  10.60200   2.95921  21.03500   0.29155   4.18138  11.04101   0.84974   0.01832   0.01718   0.01587   0.01100   0.00100   0.00036   0.00023   0.00013   0.00504   0.01011   0.00140
   1.00000  10.60200   2.98575  21.03500   0.29519   4.21888  10.95370   0.86057   0.01846   0.01736   0.01587   0.01100   0.00100   0.00033   0.00022   0.00014   0.00504   0.01011   0.00140
   1.00000  10.60200   3.01229  21.03500   0.29885   4.25638  10.86640   0.85158   0.01894   0.01784   0.01586   0.01100   0.00100   0.00031   0.00020   0.00014   0.00503   0.01011   0.00140
   1.00000  10.60200   3.03883  21.03500   0.30254   4.29389  10.77909   0.83955   0.01921   0.01812   0.01586   0.01100   0.00100   0.00033   0.00018   0.00014   0.00503   0.01011   0.00140
   1.00000  10.60200   3.06537  21.03500   0.30626   4.33139  10.69179   0.85433   0.01969   0.01861   0.01586   0.01100   0.00100   0.00032   0.00017   0.00014   0.00503   0.01011   0.00140
   1.00000  10.60200   3.09191  21.03500   0.31000   4.36889  10.60449   0.84230   0.01992   0.01887   0.01586   0.01100   0.00100   0.00032   0.00015   0.00014   0.00503   0.01011   0.00140
   1.00000  10.60200   3.11845  21.03500   0.31377   4.40639  10.51718   0.80827   0.02041   0.01937   0.01586   0.01100   0.00100   0.00033   0.00014   0.00014   0.00503   0.01011   0.00140
   1.00000  10.60200   3.14499  21.03500   0.31757   4.44389  10.42988   0.83661   0.02079   0.01978   0.01586   0.01100   0.00100   0.00037   0.00013   0.00014   0.00502   0.01011   0.00140
   1.00000  10.60200   3.17153  21.03500   0.32139   4.48139  10.34257   0.82709   0.02133   0.02033   0.01586   0.01100   0.00100   0.00034   0.00012   0.00015   0.00502   0.01011   0.00140
   1.00000  10.60200   3.19807  21.03500   0.32525   4.51889  10.25527   0.83748   0.02149   0.02052   0.01586   0.01100   0.00100   0.00040   0.00011   0.00015   0.00502   0.01011   0.00140
   1.00000  10.60200   3.22461  21.03500   0.32912   4.55639  10.16796   0.81091   0.02208   0.02112   0.01586   0.01100   0.00100   0.00036   0.00010   0.00015   0.00502   0.01011   0.00140
   1.00000  10.60200   2.93582  21.03500   0.28836   4.14833  11.11795   0.86280   0.01071   0.00902   0.01283   0.01100   0.00100   0.00035   0.00025   0.00013   0.00504   0.00386   0.00140
   1.00000  10.60200   2.96826  21.03500   0.29279   4.19417  11.01124   0.85257   0.01079   0.00912   0.01282   0.01100   0.00100   0.00037   0.00023   0.00013   0.00504   0.00386   0.00140
   1.00000  10.60200   3.00070  21.03500   0.29725   4.24001  10.90453   0.85474   0.01091   0.00925   0.01282   0.01100   0.00100   0.00036   0.00021   0.00014   0.00504   0.00386   0.00140
   1.00000  10.60200   3.03314  21.03500   0.30175   4.28585  10.79781   0.85856   0.01100   0.00936   0.01282   0.01100   0.00100   0.00034   0.00019   0.00014   0.00503   0.00386   0.00140
   1.00000  10.60200   3.06558  21.03500   0.30629   4.33168  10.69110   0.84685   0.01101   0.00939   0.01282   0.01100   0.00100   0.00031   0.00017   0.00014   0.00503   0.00386   0.00140
   1.00000  10.60200   3.09802  21.03500   0.31087   4.37752  10.58439   0.84557   0.01110   0.00950   0.01282   0.01100   0.00100   0.00033   0.00015   0.00014   0.00503   0.00386   0.00140
   1.00000  10.60200   3.13046  21.03500   0.31549   4.42336  10.47767   0.86034   0.01122   0.00963   0.01282   0.01100   0.00100   0.00035   0.00014   0.00014   0.00503   0.00386   0.00140
   1.00000  10.60200   3.16290  21.03500   0.32015   4.46920  10.37096   0.84937   0.01127   0.00969   0.01282   0.01100   0.00100   0.00032   0.00012   0.00015   0.00502   0.00386   0.00140
   1.00000  10.60200   3.19534  21.03500   0.32485   4.51504  10.26425   0.84634   0.01134   0.00978   0.01282   0.01100   0.00100   0.00039   0.00011   0.00015   0.00502   0.00386   0.00140
   1.00000  10.60200   3.22778  21.03500   0.32959   4.56087  10.15753   0.84210   0.01157   0.01001   0.01281   0.01100   0.00100   0.00035   0.00010   0.00015   0.00502   0.00386   0.00140
   1.00000  10.60200   3.26022  21.03500   0.33437   4.60671  10.05082   0.83713   0.01170   0.01018   0.01281   0.01100   0.00100   0.00036   0.00009   0.00015   0.00502   0.00386   0.00140
   1.00000  10.60200   3.29266  21.03500   0.33920   4.65255   9.94411   0.83504   0.01177   0.01028   0.01281   0.01100   0.00100   0.00038   0.00008   0.00015   0.00502   0.00386   0.00140
   1.00000  10.60200   3.32510  21.03500   0.34407   4.69839   9.83740   0.82866   0.01196   0.01050   0.01281   0.01100   0.00100   0.00032   0.00008   0.00016   0.00502   0.00386   0.00140
   1.00000  10.60200   3.35754  21.03500   0.34898   4.74422   9.73068   0.82423   0.01215   0.01072   0.01281   0.01100   0.00100   0.00039   0.00007   0.00016   0.00501   0.00386   0.00140
   1.00000  10.60200   3.38998  21.03500   0.35394   4.79006   9.62397   0.83804   0.01231   0.01089   0.01281   0.01100   0.00100   0.00043   0.00006   0.00016   0.00501   0.00386   0.00140
   1.00000  10.60200   3.42242  21.03500   0.35894   4.83590   9.51726   0.83724   0.01249   0.01109   0.01281   0.01100   0.00100   0.00040   0.00006   0.00016   0.00501   0.00386   0.00140
   1.00000  10.60200   3.45486  21.03500   0.36398   4.88174   9.41054   0.83376   0.01263   0.01127   0.01281   0.01100   0.00100   0.00044   0.00005   0.00016   0.00501   0.00386   0.00140
   1.00000  10.60200   3.48730  21.03500   0.36908   4.92758   9.30383   0.80317   0.01280   0.01145   0.01281   0.01100   0.00100   0.00046   0.00005   0.00017   0.00501   0.00386   0.00140
   1.00000  10.60200   3.51974  21.03500   0.37422   4.97341   9.19712   0.83577   0.01301   0.01168   0.01281   0.01100   0.00100   0.00046   0.00004   0.00017   0.00501   0.00386   0.00140
   1.00000  10.60200   3.55218  21.03500   0.37940   5.01925   9.09040   0.81057   0.01313   0.01183   0.01281   0.01100   0.00100   0.00049   0.00004   0.00017   0.00501   0.00386   0.00140
   1.00000  10.60200   3.58462  21.03500   0.38464   5.06509   8.98369   0.81361   0.01335   0.01208   0.01281   0.01100   0.00100   0.00047   0.00003   0.00017   0.00501   0.00386   0.00140
   1.00000  10.60200   3.61706  21.03500   0.38992   5.11093   8.87698   0.80686   0.01356   0.01232   0.01282   0.01100   0.00100   0.00051   0.00003   0.00018   0.00501   0.00386   0.00140
   1.00000  10.60200   3.64950  21.03500   0.39526   5.15677   8.77027   0.81911   0.01390   0.01268   0.01282   0.01100   0.00100   0.00055   0.00003   0.00018   0.00501   0.00386   0.00140
   1.00000  10.60200   3.68194  21.03500   0.40064   5.20260   8.66355   0.81560   0.01423   0.01302   0.01281   0.01100   0.00100   0.00049   0.00003   0.00018   0.00501   0.00386   0.00140
   1.00000  10.60200   3.71438  21.03500   0.40607   5.24844   8.55684   0.79762   0.01435   0.01317   0.01282   0.01100   0.00100   0.00055   0.00002   0.00019   0.00501   0.00386   0.00140
   1.00000  10.60200   3.74682  21.03500   0.41156   5.29428   8.45013   0.80631   0.01468   0.01352   0.01282   0.01100   0.00100   0.00053   0.00002   0.00019   0.00501   0.00386   0.00140
   1.00000  10.60200   3.77926  21.03500   0.41709   5.34012   8.34341   0.80492   0.01486   0.01374   0.01282   0.01100   0.00100   0.00054   0.00002   0.00019   0.00501   0.00386   0.00140
   1.00000  10.60200   3.81170  21.03500   0.42268   5.38596   8.23670   0.78749   0.01514   0.01406   0.01282   0.01100   0.00100   0.00056   0.00002   0.00020   0.00501   0.00386   0.00140
   1.00000  10.60200   3.84414  21.03500   0.42833   5.43179   8.12999   0.79900   0.01566   0.01459   0.01282   0.01100   0.00100   0.00055   0.00002   0.00020   0.00500   0.00386   0.00140
   1.00000  10.60200   3.87658  21.03500   0.43402   5.47763   8.02327   0.79193   0.01599   0.01495   0.01282   0.01100   0.00100   0.00057   0.00001   0.00020   0.00500   0.00386   0.00140
   1.00000  10.60200   3.90902  21.03500   0.43978   5.52347   7.91656   0.77965   0.01643   0.01540   0.01282   0.01100   0.00100   0.00059   0.00001   0.00021   0.00500   0.00386   0.00140
   1.00000  10.60200   3.94146  21.03500   0.44559   5.56931   7.80985   0.79512   0.01683   0.01582   0.01282   0.01100   0.00100   0.00057   0.00001   0.00021   0.00500   0.00386   0.00140
   1.00000  10.60200   3.55846  21.03500   0.38041   5.02813   9.06975   0.81275   0.00865   0.00642   0.01255   0.01100   0.00100   0.00047   0.00004   0.00017   0.00501   0.00287   0.00140
   1.00000  10.60200   3.59778  21.03500   0.38678   5.08369   8.94040   0.80596   0.00874   0.00652   0.01255   0.01100   0.00100   0.00048   0.00003   0.00018   0.00501   0.00287   0.00140
   1.00000  10.60200   3.63710  21.03500   0.39321   5.13924   8.81106   0.80869   0.00877   0.00659   0.01255   0.01100   0.00100   0.00053   0.00003   0.00018   0.00501   0.00287   0.00140
   1.00000  10.60200   3.67642  21.03500   0.39972   5.19480   8.68171   0.80443   0.00885   0.00669   0.01255   0.01100   0.00100   0.00054   0.00003   0.00018   0.00501   0.00287   0.00140
   1.00000  10.60200   3.71574  21.03500   0.40630   5.25036   8.55237   0.80138   0.00890   0.00677   0.01255   0.01100   0.00100   0.00053   0.00002   0.00019   0.00501   0.00287   0.00140
   1.00000  10.60200   3.75506  21.03500   0.41296   5.30592   8.42302   0.79674   0.00896   0.00686   0.01255   0.01100   0.00100   0.00053   0.00002   0.00019   0.00501   0.00287   0.00140
   1.00000  10.60200   3.79438  21.03500   0.41969   5.36148   8.29368   0.79882   0.00899   0.00694   0.01255   0.01100   0.00100   0.00053   0.00002   0.00019   0.00501   0.00287   0.00140
   1.00000  10.60200   3.83370  21.03500   0.42650   5.41704   8.16433   0.80186   0.00911   0.00707   0.01255   0.01100   0.00100   0.00059   0.00002   0.00020   0.00501   0.00287   0.00140
   1.00000  10.60200   3.87302  21.03500   0.43340   5.47260   8.03499   0.79756   0.00923   0.00721   0.01255   0.01100   0.00100   0.00056   0.00001   0.00020   0.00500   0.00287   0.00140
   1.00000  10.60200   3.91234  21.03500   0.44037   5.52816   7.90564   0.79229   0.00937   0.00737   0.01255   0.01100   0.00100   0.00058   0.00001   0.00021   0.00500   0.00287   0.00140
   1.00000  10.60200   3.95166  21.03500   0.44743   5.58372   7.77629   0.78377   0.00951   0.00755   0.01255   0.01100   0.00100   0.00056   0.00001   0.00021   0.00500   0.00287   0.00140
   1.00000  10.60200   3.99098  21.03500   0.45457   5.63928   7.64695   0.79184   0.00959   0.00769   0.01255   0.01100   0.00100   0.00055   0.00001   0.00022   0.00500   0.00287   0.00140
   1.00000  10.60200   4.03030  21.03500   0.46179   5.69484   7.51761   0.79253   0.00975   0.00789   0.01255   0.01100   0.00100   0.00056   0.00001   0.00022   0.00500   0.00287   0.00140
   1.00000  10.60200   4.06962  21.03500   0.46910   5.75040   7.38826   0.78388   0.00991   0.00809   0.01255   0.01100   0.00100   0.00059   0.00001   0.00023   0.00500   0.00287   0.00140
   1.00000  10.60200   4.10894  21.03500   0.47650   5.80596   7.25892   0.78692   0.01002   0.00824   0.01256   0.01100   0.00100   0.00061   0.00001   0.00023   0.00500   0.00287   0.00140
   1.00000  10.60200   4.14826  21.03500   0.48399   5.86152   7.12957   0.78420   0.01014   0.00841   0.01256   0.01100   0.00100   0.00064   0.00001   0.00024   0.00500   0.00287   0.00140
   1.00000  10.60200   4.18758  21.03500   0.49158   5.91708   7.00022   0.76807   0.01036   0.00866   0.01256   0.01100   0.00100   0.00063   0.00001   0.00024   0.00500   0.00287   0.00140
   1.00000  10.60200   4.22690  21.03500   0.49925   5.97264   6.87088   0.76926   0.01059   0.00891   0.01256   0.01100   0.00100   0.00061   0.00001   0.00025   0.00500   0.00287   0.00140
   1.00000  10.60200   4.26622  21.03500   0.50702   6.02820   6.74153   0.76226   0.01076   0.00912   0.01256   0.01100   0.00100   0.00063   0.00001   0.00025   0.00500   0.00287   0.00140
   1.00000  10.60200   4.30554  21.03500   0.51489   6.08375   6.61219   0.77523   0.01092   0.00935   0.01255   0.01100   0.00100   0.00059   0.00000   0.00026   0.00500   0.00287   0.00140
   1.00000  10.60200   4.34486  21.03500   0.52286   6.13931   6.48284   0.76114   0.01117   0.00963   0.01255   0.01100   0.00100   0.00057   0.00000   0.00027   0.00500   0.00287   0.00140
   1.00000  10.60200   4.38418  21.03500   0.53093   6.19487   6.35350   0.75520   0.01148   0.00998   0.01255   0.01100   0.00100   0.00056   0.00000   0.00028   0.00500   0.00287   0.00140
   1.00000  10.60200   4.42350  21.03500   0.53910   6.25043   6.22415   0.75291   0.01176   0.01030   0.01255   0.01100   0.00100   0.00055   0.00000   0.00028   0.00500   0.00287   0.00140
   1.00000  10.60200   4.46282  21.03500   0.54737   6.30599   6.09481   0.76391   0.01204   0.01064   0.01255   0.01100   0.00100   0.00056   0.00000   0.00029   0.00500   0.00287   0.00140
   1.00000  10.60200   4.50214  21.03500   0.55576   6.36155   5.96546   0.73295   0.01242   0.01105   0.01255   0.01100   0.00100   0.00058   0.00000   0.00030   0.00500   0.00287   0.00140
   1.00000  10.60200   4.54146  21.03500   0.56425   6.41711   5.83612   0.74961   0.01279   0.01146   0.01255   0.01100   0.00100   0.00053   0.00000   0.00031   0.00500   0.00287   0.00140
   1.00000  10.60200   4.58078  21.03500   0.57285   6.47267   5.70677   0.75796   0.01321   0.01192   0.01255   0.01100   0.00100   0.00055   0.00000   0.00032   0.00500   0.00287   0.00140
   1.00000  10.60200   4.62010  21.03500   0.58156   6.52823   5.57743   0.74289   0.01350   0.01228   0.01255   0.01100   0.00100   0.00052   0.00000   0.00033   0.00500   0.00287   0.00140
   1.00000  10.60200   4.65942  21.03500   0.59039   6.58379   5.44808   0.76782   0.01409   0.01290   0.01255   0.01100   0.00100   0.00051   0.00000   0.00034   0.00500   0.00287   0.00140
   1.00000  10.60200   4.69874  21.03500   0.59934   6.63935   5.31874   0.74927   0.01451   0.01336   0.01255   0.01100   0.00100   0.00049   0.00000   0.00035   0.00500   0.00287   0.00140
   1.00000  10.60200   4.73806  21.03500   0.60841   6.69491   5.18939   0.73993   0.01497   0.01387   0.01255   0.01100   0.00100   0.00046   0.00000   0.00037   0.00500   0.00287   0.00140
   1.00000  10.60200   4.77738  21.03500   0.61760   6.75047   5.06005   0.74854   0.01565   0.01459   0.01255   0.01100   0.00100   0.00045   0.00000   0.00038   0.00500   0.00287   0.00140
   1.00000  10.60200   4.53677  21.03500   0.56323   6.41048   5.85156   0.75493   0.00638   0.00413   0.01283   0.01100   0.00100   0.00056   0.00000   0.00031   0.00500   0.00389   0.00140
   1.00000  10.60200   4.58689  21.03500   0.57420   6.48131   5.68666   0.75396   0.00643   0.00422   0.01283   0.01100   0.00100   0.00057   0.00000   0.00032   0.00500   0.00389   0.00140
   1.00000  10.60200   4.63702  21.03500   0.58535   6.55214   5.52175   0.74930   0.00650   0.00432   0.01283   0.01100   0.00100   0.00058   0.00000   0.00034   0.00500   0.00389   0.00140
   1.00000  10.60200   4.68716  21.03500   0.59669   6.62298   5.35685   0.74586   0.00655   0.00442   0.01283   0.01100   0.00100   0.00053   0.00000   0.00035   0.00500   0.00389   0.00140
   1.00000  10.60200   4.73729  21.03500   0.60823   6.69381   5.19194   0.74433   0.00661   0.00452   0.01283   0.01100   0.00100   0.00053   0.00000   0.00037   0.00500   0.00389   0.00140
   1.00000  10.60200   4.78741  21.03500   0.61997   6.76465   5.02704   0.74650   0.00670   0.00466   0.01283   0.01100   0.00100   0.00050   0.00000   0.00038   0.00500   0.00389   0.00140
   1.00000  10.60200   4.83754  21.03500   0.63191   6.83548   4.86213   0.74235   0.00677   0.00478   0.01283   0.01100   0.00100   0.00050   0.00000   0.00040   0.00500   0.00389   0.00140
   1.00000  10.60200   4.88768  21.03500   0.64405   6.90632   4.69722   0.74525   0.00690   0.00495   0.01282   0.01100   0.00100   0.00044   0.00000   0.00042   0.00500   0.00389   0.00140
   1.00000  10.60200   4.93781  21.03500   0.65642   6.97715   4.53232   0.73708   0.00702   0.00512   0.01282   0.01100   0.00100   0.00039   0.00000   0.00045   0.00500   0.00389   0.00140
   1.00000  10.60200   4.98794  21.03500   0.66900   7.04798   4.36741   0.73171   0.00720   0.00533   0.01282   0.01100   0.00100   0.00033   0.00000   0.00047   0.00500   0.00389   0.00140
   1.00000  10.60200   5.03806  21.03500   0.68182   7.11882   4.20251   0.73442   0.00739   0.00560   0.01282   0.01100   0.00100   0.00029   0.00000   0.00050   0.00500   0.00389   0.00140
   1.00000  10.60200   5.08819  21.03500   0.69486   7.18965   4.03761   0.73018   0.00753   0.00582   0.01283   0.01100   0.00100   0.00040   0.00000   0.00053   0.00500   0.00389   0.00140
   1.00000  10.60200   5.13832  21.03500   0.70814   7.26048   3.87270   0.73483   0.00778   0.00613   0.01283   0.01100   0.00100   0.00039   0.00000   0.00057   0.00500   0.00389   0.00140
   1.00000  10.60200   5.18845  21.03500   0.72167   7.33132   3.70780   0.73166   0.00802   0.00645   0.01283   0.01100   0.00100   0.00008   0.00000   0.00061   0.00500   0.00389   0.00140
   1.00000  10.60200   5.23858  21.03500   0.73546   7.40215   3.54289   0.73407   0.00832   0.00681   0.01283   0.01100   0.00100   0.00005   0.00000   0.00066   0.00500   0.00389   0.00140
   1.00000  10.60200   5.28871  21.03500   0.74950   7.47299   3.37798   0.75838   0.00864   0.00721   0.01283   0.01100   0.00100   0.00005   0.00000   0.00071   0.00500   0.00389   0.00140
   1.00000  10.60200   5.33885  21.03500   0.76381   7.54382   3.21308   0.75785   0.00900   0.00765   0.01284   0.01100   0.00100   0.00024   0.00000   0.00077   0.00501   0.00389   0.00140
   1.00000  10.60200   5.38898  21.03500   0.77840   7.61466   3.04817   0.73506   0.00950   0.00822   0.01285   0.01100   0.00100   0.00055   0.00000   0.00085   0.00501   0.00389   0.00140
   1.00000  10.60200   5.43911  21.03500   0.79327   7.68549   2.88327   0.62739   0.00996   0.00876   0.01286   0.01100   0.00100   0.00066   0.00000   0.00094   0.00501   0.00389   0.00140
   1.00000  10.60200   5.48923  21.03500   0.80843   7.75632   2.71836   0.74824   0.01055   0.00943   0.01288   0.01100   0.00100   0.00079   0.00000   0.00104   0.00501   0.00389   0.00140
   1.00000  10.60200   5.53937  21.03500   0.82389   7.82716   2.55346   0.85899   0.01125   0.01021   0.01291   0.01100   0.00100   0.00104   0.00000   0.00118   0.00502   0.00389   0.00140
   1.00000  10.60200   5.58950  21.03500   0.83966   7.89799   2.38855   0.77488   0.01214   0.01119   0.01301   0.01100   0.00100   0.00178   0.00000   0.00135   0.00503   0.00389   0.00140
   1.00000  10.60200   5.63963  21.03500   0.85575   7.96883   2.22365   0.59062   0.01310   0.01222   0.01335   0.01100   0.00100   0.00336   0.00000   0.00158   0.00505   0.00389   0.00140
   1.00000  10.60200   5.68975  21.03500   0.87217   8.03966   2.05874   0.78503   0.01425   0.01346   0.01427   0.01100   0.00100   0.00590   0.00000   0.00189   0.00510   0.00389   0.00140
   1.00000  10.60200   5.73988  21.03500   0.88892   8.11049   1.89384   0.86294   0.01580   0.01509   0.01517   0.01100   0.00100   0.00764   0.00000   0.00234   0.00521   0.00389   0.00140
   1.00000  10.60200   5.79001  21.03500   0.90603   8.18133   1.72893   0.97617   0.01802   0.01739   0.01501   0.01100   0.00100   0.00685   0.00000   0.00304   0.00547   0.00389   0.00140
   1.00000  10.60200   5.84014  21.03500   0.92349   8.25216   1.56403   0.99157   0.02039   0.01982   0.01655   0.01100   0.00100   0.00894   0.00000   0.00429   0.00606   0.00389   0.00140
