Run	Mom	Tgt	Theta	Beam E	BCM1PS2	PS3	
2484	5.013	1.01	21.035	10.602	46.953	1	-1
2485	5.013	1.01	21.035	10.602	42.8	1	-1
2486	5.013	1.01	21.035	10.602	45.927	1	-1
2487	5.013	1.01	21.035	10.602	45.809	1	-1
2488	5.013	1.01	21.035	10.602	44.626	1	-1
2489	5.013	26.98	21.035	10.602	38.267	1	-1
2490	5.013	2.01	21.035	10.602	48.337	2	-1
2491	5.013	2.01	21.035	10.602	47.078	2	-1
2492	5.013	2.01	21.035	10.602	46.403	2	-1
2493	5.013	2.01	21.035	10.602	47.984	2	-1
2494	5.013	2.01	21.035	10.602	48.678	2	-1
2495	5.013	10.01	21.035	10.602	37.226	1	-1
2496	5.013	10.01	21.035	10.602	36.53	1	-1
2497	5.013	11.01	21.035	10.602	29.96	1	-1
2498	5.013	11.01	21.035	10.602	32.025	1	-1
2502	5.013	9.01	21.035	10.602	30.369	1	-1
2503	5.013	9.01	21.035	10.602	25.747	1	-1
2504	5.013	9.01	21.035	10.602	22.605	1	-1
2505	5.013	9.01	21.035	10.602	26.238	1	-1
2507	5.013	12.01	21.035	10.602	29.712	1	-1
2508	5.013	12.01	21.035	10.602	28.669	1	-1
2509	3.932	12.01	21.035	10.602	36.132	1	-1
2510	3.932	12.01	21.035	10.602	36.771	1	-1
2511	3.932	9.01	21.035	10.602	33.352	2	-1
2512	3.932	9.01	21.035	10.602	29.904	2	-1
2513	3.932	11.01	21.035	10.602	32.571	1	-1
2514	3.932	11.01	21.035	10.602	36.532	1	-1
2515	3.932	10.01	21.035	10.602	30.394	1	-1
2516	3.932	10.01	21.035	10.602	35.706	1	-1
2517	3.932	26.98	21.035	10.602	35.04	1	-1
2518	3.932	2.01	21.035	10.602	32.001	5	-1
2519	3.932	2.01	21.035	10.602	38.99	5	-1
2520	3.932	2.01	21.035	10.602	37.028	5	-1
2521	3.932	1.01	21.035	10.602	35.075	2	-1
2522	3.932	1.01	21.035	10.602	36.427	2	-1
2523	3.932	1.01	21.035	10.602	34.663	2	-1
2524	3.244	1.01	21.035	10.602	36.606	3	-1
2525	3.244	1.01	21.035	10.602	36.587	3	-1
2526	3.244	1.01	21.035	10.602	37.382	3	-1
2527	3.244	2.01	21.035	10.602	38.137	3	-1
2528	3.244	2.01	21.035	10.602	38.862	3	-1
2529	3.244	2.01	21.035	10.602	35.361	9	-1
2530	3.244	26.98	21.035	10.602	35.776	2	-1
2531	3.244	26.98	21.035	10.602	38.789	2	-1
2532	3.244	10.01	21.035	10.602	36.861	2	-1
2533	3.244	10.01	21.035	10.602	36.513	2	-1
2534	3.244	10.01	21.035	10.602	38.143	2	-1
2535	3.244	10.01	21.035	10.602	35.786	2	-1
2536	3.244	11.01	21.035	10.602	36.527	2	-1
2537	3.244	11.01	21.035	10.602	32.521	2	-1
2538	3.244	11.01	21.035	10.602	37.214	2	-1
2540	3.244	12.01	21.035	10.602	44.7	2	-1
2541	3.244	12.01	21.035	10.602	39.419	2	-1
2542	3.244	9.01	21.035	10.602	36.164	2	-1
2543	3.244	9.01	21.035	10.602	31.264	2	-1
2544	3.244	9.01	21.035	10.602	37.641	2	-1
2545	3.244	9.01	21.035	10.602	37.125	2	-1
2547	2.654	12.01	21.035	10.602	40.611	5	-1
2548	2.654	12.01	21.035	10.602	34.354	5	-1
2549	2.654	2.01	21.035	10.602	54.444	17	-1
2550	2.654	2.01	21.035	10.602	49.227	17	-1
2551	2.654	1.01	21.035	10.602	42.698	17	-1
2552	2.654	1.01	21.035	10.602	43.483	9	-1
2553	2.654	26.98	21.035	10.602	38.625	3	-1
2554	2.654	26.98	21.035	10.602	34.697	3	-1
2555	2.654	9.01	21.035	10.602	37.474	17	-1
2556	2.654	9.01	21.035	10.602	39.995	17	-1
2557	2.654	9.01	21.035	10.602	40.487	17	-1
2558	2.654	11.01	21.035	10.602	37.187	5	-1
2559	2.654	11.01	21.035	10.602	35.614	5	-1
2560	2.654	11.01	21.035	10.602	35.886	5	-1
2561	2.654	10.01	21.035	10.602	33.72	5	-1
2562	2.654	10.01	21.035	10.602	30.762	5	-1
2563	2.654	10.01	21.035	10.602	35.33	5	-1
2564	2.458	1.01	38.975	10.602	41.172	1	-1
2565	2.458	1.01	38.975	10.602	40.728	1	-1
2566	2.458	2.01	38.975	10.602	39.54	1	-1
2567	2.458	26.98	38.975	10.602	36.962	1	-1
2568	2.458	26.98	38.975	10.602	35.997	1	-1
2570	2.458	1.01	38.975	10.602	39.525	1	-1
2571	2.458	1.01	38.975	10.602	45.167	1	-1
2575	2.458	1.01	38.975	10.602	44.353	1	-1
2576	2.458	1.01	38.975	10.602	43.359	1	-1
2577	2.458	2.01	38.975	10.602	45.942	1	-1
2578	2.458	2.01	38.975	10.602	44.112	1	-1
2579	2.458	2.01	38.975	10.602	42.314	1	-1
2580	2.458	2.01	38.975	10.602	45.836	1	-1
2581	2.458	26.98	38.975	10.602	37.943	1	-1
2582	2.458	26.98	38.975	10.602	38.088	1	-1
2583	2.458	1.01	38.975	10.602	46.187	1	-1
2584	2.458	1.01	38.975	10.602	49.973	1	-1
2585	2.458	1.01	38.975	10.602	43.747	1	-1
2586	2.458	1.01	38.975	10.602	42.699	1	-1
2587	2.458	1.01	38.975	10.602	43.089	1	-1
2588	2.458	1.01	38.975	10.602	42.884	1	-1
2589	2.458	1.01	38.975	10.602	42.71	1	-1
2590	2.458	2.01	38.975	10.602	42.24	1	-1
2591	2.458	2.01	38.975	10.602	42.736	1	-1
2592	2.458	2.01	38.975	10.602	41.274	1	-1
2593	2.458	2.01	38.975	10.602	39.349	1	-1
2594	2.458	2.01	38.975	10.602	37.533	1	-1
2595	2.458	2.01	38.975	10.602	39.619	1	-1
2596	2.458	26.98	38.975	10.602	37.518	1	-1
2597	2.458	26.98	38.975	10.602	37.687	1	-1
2598	2.458	26.98	38.975	10.602	37.663	1	-1
2599	2.458	1.01	38.975	10.602	36.766	1	-1
2600	2.458	1.01	38.975	10.602	35.601	1	-1
2601	2.458	1.01	38.975	10.602	37.201	1	-1
2602	2.458	1.01	38.975	10.602	37.203	1	-1
2603	2.458	26.98	38.975	10.602	37.149	1	-1
2604	2.458	2.01	38.975	10.602	41.261	1	-1
2605	2.458	2.01	38.975	10.602	41.513	1	-1
2606	2.458	2.01	38.975	10.602	42.366	1	-1
2607	2.458	2.01	38.975	10.602	42.536	1	-1
2608	2.458	1.01	38.975	10.602	41.781	1	-1
2609	2.458	1.01	38.975	10.602	41.183	1	-1
2610	2.458	1.01	38.975	10.602	41.183	1	-1
2611	2.458	1.01	38.975	10.602	41.683	1	-1
2612	2.458	1.01	38.975	10.602	39.892	1	-1
2613	2.458	1.01	38.975	10.602	40.088	1	-1
2614	2.458	1.01	38.975	10.602	39.536	1	-1
2616	2.458	2.01	38.975	10.602	40.624	1	-1
2617	2.458	2.01	38.975	10.602	41.245	1	-1
2618	2.458	2.01	38.975	10.602	40.814	1	-1
2619	2.458	2.01	38.975	10.602	40.386	1	-1
2620	2.458	2.01	38.975	10.602	39.154	1	-1
2621	2.458	2.01	38.975	10.602	32.722	1	-1
2622	2.458	2.01	38.975	10.602	32.314	1	-1
2623	2.458	2.01	38.975	10.602	37.079	1	-1
2624	2.458	26.98	38.975	10.602	37.229	1	-1
2625	2.458	26.98	38.975	10.602	34.794	1	-1
2626	2.458	1.01	38.975	10.602	40.328	1	-1
2627	2.458	1.01	38.975	10.602	39.788	1	-1
2628	2.458	1.01	38.975	10.602	40.406	1	-1
2629	2.458	1.01	38.975	10.602	38.94	1	-1
2630	2.458	1.01	38.975	10.602	41.781	1	-1
2631	2.458	1.01	38.975	10.602	41.694	1	-1
2632	2.458	1.01	38.975	10.602	40.309	1	-1
2633	2.458	1.01	38.975	10.602	41.604	1	-1
2634	1.966	1.01	38.975	10.602	40.314	1	-1
2635	1.966	1.01	38.975	10.602	43.145	1	-1
2649	1.966	1.01	38.975	10.602	38.309	1	-1
2650	1.966	26.98	38.975	10.602	37.933	1	-1
2651	1.966	2.01	38.975	10.602	38.114	1	-1
2652	1.966	2.01	38.975	10.602	38.104	1	-1
2653	1.966	1.01	38.975	10.602	37.546	1	-1
2654	1.966	1.01	38.975	10.602	37.754	1	-1
2655	1.966	1.01	38.975	10.602	37.668	1	-1
2656	1.966	1.01	38.975	10.602	37.5	1	-1
2657	1.966	26.98	38.975	10.602	37.324	1	-1
2658	1.966	2.01	38.975	10.602	37.036	1	-1
2659	1.966	2.01	38.975	10.602	36.82	1	-1
2660	1.966	2.01	38.975	10.602	37.47	1	-1
2661	1.966	1.01	38.975	10.602	37.263	1	-1
2662	1.966	1.01	38.975	10.602	37.283	1	-1
2663	1.966	1.01	38.975	10.602	45.391	1	-1
2664	1.966	1.01	38.975	10.602	45.595	1	-1
2665	1.966	1.01	38.975	10.602	43.36	1	-1
2666	1.966	1.01	38.975	10.602	46.788	1	-1
2667	1.966	1.01	38.975	10.602	47.105	1	-1
2668	1.966	1.01	38.975	10.602	44.8	1	-1
2669	1.966	1.01	38.975	10.602	47.427	1	-1
2670	1.966	1.01	38.975	10.602	46.739	1	-1
2671	1.966	26.98	38.975	10.602	37.504	1	-1
2672	1.966	2.01	38.975	10.602	46.934	1	-1
2673	1.966	2.01	38.975	10.602	46.352	1	-1
2674	1.966	1.01	38.975	10.602	52.435	1	-1
2675	1.966	1.01	38.975	10.602	51.636	1	-1
2676	1.966	26.98	38.975	10.602	38.18	1	-1
2677	1.966	2.01	38.975	10.602	44.957	1	-1
2678	1.966	2.01	38.975	10.602	41.149	1	-1
2679	1.966	1.01	38.975	10.602	40.082	1	-1
2680	1.966	1.01	38.975	10.602	45.7	1	-1
2681	1.966	26.98	38.975	10.602	37.721	1	-1
2682	1.966	2.01	38.975	10.602	47.18	1	-1
2683	1.966	2.01	38.975	10.602	45.617	1	-1
2684	1.966	2.01	38.975	10.602	44.969	1	-1
2685	1.966	2.01	38.975	10.602	46.368	1	-1
2686	1.966	2.01	38.975	10.602	46.018	1	-1
2687	1.966	26.98	38.975	10.602	37.696	1	-1
2688	1.966	26.98	38.975	10.602	38.003	1	-1
2689	1.573	26.98	38.975	10.602	37.184	1	-1
2690	1.573	1.01	38.975	10.602	47.412	1	-1
2691	1.573	1.01	38.975	10.602	50.428	1	-1
2692	1.573	1.01	38.975	10.602	48.778	2	-1
2693	1.573	1.01	38.975	10.602	51.31	2	-1
2694	1.573	1.01	38.975	10.602	50.076	2	-1
2695	1.573	1.01	38.975	10.602	49.328	2	-1
2700	1.573	2.01	38.975	10.602	50.452	9	-1
2701	1.573	2.01	38.975	10.602	46.533	9	-1
2702	1.573	2.01	38.975	10.602	45.017	5	-1
2703	1.573	2.01	38.975	10.602	46.45	5	-1
2704	1.573	2.01	38.975	10.602	44.827	3	-1
2705	1.573	2.01	38.975	10.602	45.277	3	-1
2706	1.573	2.01	38.975	10.602	48.647	3	-1
2707	1.573	2.01	38.975	10.602	49.71	3	-1
2708	1.573	2.01	38.975	10.602	46.787	3	-1
2710	1.573	26.98	38.975	10.602	38.784	1	-1
2712	1.278	1.01	38.975	10.602	44.388	2	-1
2713	1.278	1.01	38.975	10.602	45.336	2	-1
2714	1.278	1.01	38.975	10.602	46.21	2	-1
2715	1.278	1.01	38.975	10.602	47.827	2	-1
2716	1.278	1.01	38.975	10.602	50.306	2	-1
2718	1.278	12.01	38.975	10.602	52.111	2	-1
2720	1.278	2.01	38.975	10.602	49.397	9	-1
2721	1.278	2.01	38.975	10.602	50.881	9	-1
2722	1.278	2.01	38.975	10.602	49.888	9	-1
2723	1.278	2.01	38.975	10.602	47.14	9	-1
2724	1.278	2.01	38.975	10.602	47.126	9	-1
2725	1.278	26.98	38.975	10.602	37.58	1	-1
2726	3.146	1.01	32.975	10.602	37.386	1	-1
2727	3.146	1.01	32.975	10.602	38.375	1	-1
2729	3.146	1.01	32.975	10.602	37.881	1	-1
2730	3.146	1.01	32.975	10.602	36.832	1	-1
2731	3.146	26.98	32.975	10.602	36.301	1	-1
2732	3.146	2.01	32.975	10.602	37.841	1	-1
2734	3.146	2.01	32.975	10.602	49.574	1	-1
2735	3.146	2.01	32.975	10.602	50.513	1	-1
2736	3.146	2.01	32.975	10.602	49.061	1	-1
2737	3.146	1.01	32.975	10.602	44.818	1	-1
2738	3.146	1.01	32.975	10.602	50.955	1	-1
2739	3.146	1.01	32.975	10.602	49.368	1	-1
2740	3.146	1.01	32.975	10.602	42.518	1	-1
2741	3.146	1.01	32.975	10.602	41.834	1	-1
2742	3.146	26.98	32.975	10.602	39.539	1	-1
2743	3.146	2.01	32.975	10.602	54.221	1	-1
2744	3.146	2.01	32.975	10.602	47.183	1	-1
2745	3.146	2.01	32.975	10.602	43.606	1	-1
2746	3.146	26.98	32.975	10.602	34.213	1	-1
2747	3.146	1.01	32.975	10.602	43.861	1	-1
2748	3.146	1.01	32.975	10.602	41.992	1	-1
2749	3.146	2.01	32.975	10.602	41.769	1	-1
2750	3.146	2.01	32.975	10.602	58.945	1	-1
2751	3.146	1.01	32.975	10.602	57.278	1	-1
2752	3.146	1.01	32.975	10.602	46.123	1	-1
2753	3.146	1.01	32.975	10.602	57.206	1	-1
2754	3.146	1.01	32.975	10.602	57.68	1	-1
2755	3.146	26.98	32.975	10.602	38.698	1	-1
2756	3.146	26.98	32.975	10.602	39.148	1	-1
2758	2.556	1.01	32.975	10.602	41.47	1	-1
2759	2.556	1.01	32.975	10.602	44.474	1	-1
2760	2.556	1.01	32.975	10.602	58.603	1	-1
2761	2.556	1.01	32.975	10.602	36.187	1	-1
2762	2.556	26.98	32.975	10.602	39.067	1	-1
2763	2.556	2.01	32.975	10.602	40.006	1	-1
2764	2.556	2.01	32.975	10.602	43.183	1	-1
2765	2.556	1.01	32.975	10.602	48.32	1	-1
2766	2.556	1.01	32.975	10.602	45.207	1	-1
2767	2.556	26.98	32.975	10.602	34.371	1	-1
2768	2.556	2.01	32.975	10.602	33.542	1	-1
2769	2.556	2.01	32.975	10.602	36.731	1	-1
2770	2.556	2.01	32.975	10.602	50.111	1	-1
2771	2.556	26.98	32.975	10.602	38.322	1	-1
2772	2.556	1.01	32.975	10.602	56.394	1	-1
2773	2.556	1.01	32.975	10.602	58.081	1	-1
2774	2.556	1.01	32.975	10.602	57.563	1	-1
2776	2.556	2.01	32.975	10.602	55.978	1	-1
2777	2.556	2.01	32.975	10.602	56.564	1	-1
2778	2.556	2.01	32.975	10.602	47.1	1	-1
2779	2.556	2.01	32.975	10.602	40.21	1	-1
2780	2.556	26.98	32.975	10.602	38.509	1	-1
2781	2.556	1.01	32.975	10.602	39.208	1	-1
2782	2.556	1.01	32.975	10.602	34.25	1	-1
2784	2.064	1.01	32.975	10.602	39.722	1	-1
2785	2.064	1.01	32.975	10.602	32.613	1	-1
2786	2.064	1.01	32.975	10.602	38.305	1	-1
2787	2.064	1.01	32.975	10.602	41.452	1	-1
2788	2.064	1.01	32.975	10.602	39.896	1	-1
2791	2.064	26.98	32.975	10.602	37.238	1	-1
2792	2.064	2.01	32.975	10.602	36.965	1	-1
2793	2.064	2.01	32.975	10.602	40.166	2	-1
2794	2.064	2.01	32.975	10.602	46.876	2	-1
2795	2.064	2.01	32.975	10.602	52.691	3	-1
2796	2.064	2.01	32.975	10.602	64.213	3	-1
2798	2.064	2.01	32.975	10.602	66.016	3	-1
2799	2.064	2.01	32.975	10.602	62.946	3	-1
2802	1.671	2.01	32.975	10.602	55.377	9	-1
2807	1.671	2.01	32.975	10.602	55.459	9	-1
2838	1.671	1.01	32.975	10.602	49.567	3	-1
2839	1.671	1.01	32.975	10.602	52.325	3	-1
2840	1.671	1.01	32.975	10.602	47.743	3	-1
2841	1.671	1.01	32.975	10.602	46.57	3	-1
2842	1.671	1.01	32.975	10.602	36.741	3	-1
2843	1.671	1.01	32.975	10.602	37.147	3	-1
2844	1.671	1.01	32.975	10.602	32.691	3	-1
2845	1.671	1.01	32.975	10.602	34.07	3	-1
2846	1.671	26.98	32.975	10.602	38.405	3	-1
2848	1.671	2.01	32.975	10.602	47.852	5	-1
2849	1.671	2.01	32.975	10.602	50.476	5	-1
2850	1.671	2.01	32.975	10.602	49.329	5	-1
2851	1.671	2.01	32.975	10.602	55.323	5	-1
2852	1.671	2.01	32.975	10.602	53.739	5	-1
2853	1.671	2.01	32.975	10.602	55.111	5	-1
2854	1.671	2.01	32.975	10.602	49.795	5	-1
2855	1.671	12.01	32.975	10.602	26.574	3	-1
2856	1.671	12.01	32.975	10.602	53.407	2	-1
2857	1.671	2.01	32.975	10.602	54.235	9	-1
2858	1.671	2.01	32.975	10.602	48.533	9	-1
2871	1	1	1	1	1	1	1
2885	1	1	1	1	1	1	1
2889	3.637	2.01	28.99	10.602	61.076	1	-1
2890	3.637	2.01	28.99	10.602	63.551	1	-1
2891	3.637	2.01	28.99	10.602	62.875	1	-1
2892	3.637	2.01	28.99	10.602	63.063	1	-1
2893	3.637	2.01	28.99	10.602	62.244	1	-1
2894	3.637	2.01	28.99	10.602	54.383	1	-1
2895	3.637	2.01	28.99	10.602	62.728	1	-1
2896	3.637	2.01	28.99	10.602	56.205	1	-1
2897	3.637	26.98	28.99	10.602	37.527	1	-1
2898	3.637	26.98	28.99	10.602	38.782	1	-1
2899	3.637	26.98	28.99	10.602	39.699	1	-1
2900	3.637	26.98	28.99	10.602	39.897	1	-1
2902	3.637	1.01	28.99	10.602	61.691	1	-1
2903	3.637	1.01	28.99	10.602	60.726	1	-1
2904	3.637	1.01	28.99	10.602	58.086	1	-1
2905	3.637	1.01	28.99	10.602	54.469	1	-1
2906	3.637	1.01	28.99	10.602	58.204	1	-1
2907	3.637	1.01	28.99	10.602	61.182	1	-1
2908	3.637	1.01	28.99	10.602	57.745	1	-1
2909	3.637	1.01	28.99	10.602	58.147	1	-1
2910	3.637	1.01	28.99	10.602	58.702	1	-1
2911	3.637	1.01	28.99	10.602	55.821	1	-1
2912	3.637	1.01	28.99	10.602	45.22	1	-1
2913	3.637	1.01	28.99	10.602	49.999	1	-1
2914	2.949	1.01	28.99	10.602	53.464	1	-1
2915	2.949	1.01	28.99	10.602	52.975	1	-1
2916	2.949	1.01	28.99	10.602	46.582	1	-1
2917	2.949	1.01	28.99	10.602	48.982	1	-1
2918	2.949	1.01	28.99	10.602	48.919	1	-1
2919	2.949	1.01	28.99	10.602	49.296	1	-1
2920	2.949	1.01	28.99	10.602	49.062	1	-1
2921	2.949	1.01	28.99	10.602	48.883	1	-1
2922	2.949	1.01	28.99	10.602	48.182	1	-1
2923	2.949	1.01	28.99	10.602	45.585	1	-1
2925	2.949	1.01	28.99	10.602	44.474	1	-1
2926	2.949	1.01	28.99	10.602	62.722	1	-1
2927	2.949	1.01	28.99	10.602	66.559	1	-1
2929	2.949	2.01	28.99	10.602	71.979	2	-1
2932	2.949	2.01	28.99	10.602	58.651	2	-1
2933	2.949	2.01	28.99	10.602	61.025	2	-1
2934	2.949	2.01	28.99	10.602	63.7	2	-1
2935	2.949	2.01	28.99	10.602	62.862	2	-1
2936	2.949	2.01	28.99	10.602	60.911	2	-1
2937	2.949	2.01	28.99	10.602	55.951	2	-1
2938	2.949	2.01	28.99	10.602	41.952	2	-1
2941	2.949	2.01	28.99	10.602	49.017	1	-1
2942	2.949	2.01	28.99	10.602	55.969	2	-1
2943	2.949	2.01	28.99	10.602	63.532	2	-1
2944	2.949	2.01	28.99	10.602	59.177	2	-1
2952	2.949	2.01	28.99	10.602	55.772	2	-1
2953	2.949	2.01	28.99	10.602	55.93	2	-1
2954	2.949	2.01	28.99	10.602	57.339	2	-1
2955	2.949	2.01	28.99	10.602	57.692	2	-1
2956	2.949	2.01	28.99	10.602	63.458	2	-1
2957	2.949	2.01	28.99	10.602	51.775	2	-1
2958	2.949	2.01	28.99	10.602	47.32	2	-1
2959	2.949	2.01	28.99	10.602	49.806	2	-1
2960	2.949	26.98	28.99	10.602	39.719	2	-1
2961	2.949	26.98	28.99	10.602	38.442	1	-1
2962	2.949	26.98	28.99	10.602	39.33	1	-1
2963	2.949	26.98	28.99	10.602	39.641	1	-1
2964	2.949	26.98	28.99	10.602	39.645	1	-1
2965	2.359	2.01	28.99	10.602	54.544	5	-1
2966	2.359	2.01	28.99	10.602	54.267	5	-1
2967	2.359	2.01	28.99	10.602	57.654	5	-1
2968	2.359	2.01	28.99	10.602	60.537	5	-1
2969	2.359	2.01	28.99	10.602	56.868	5	-1
2970	2.359	2.01	28.99	10.602	60.633	5	-1
2971	2.359	2.01	28.99	10.602	61.927	5	-1
2972	2.359	2.01	28.99	10.602	64.448	5	-1
2973	2.359	2.01	28.99	10.602	49.14	5	-1
2975	2.359	26.98	28.99	10.602	38.038	1	-1
2976	2.359	26.98	28.99	10.602	39.869	1	-1
2978	2.359	1.01	28.99	10.602	60.601	2	-1
2979	2.359	1.01	28.99	10.602	59.144	2	-1
2980	2.359	1.01	28.99	10.602	61.829	2	-1
2981	2.359	1.01	28.99	10.602	60.041	2	-1
2982	2.359	1.01	28.99	10.602	53.344	2	-1
2983	2.359	12.01	28.99	10.602	61.461	1	-1
2985	2.359	12.01	28.99	10.602	55.564	1	-1
2986	2.359	12.01	28.99	10.602	57.723	1	-1
2989	2.359	1.01	28.99	10.602	55.18	2	-1
2990	2.359	1.01	28.99	10.602	57.798	2	-1
2992	1.966	1.01	28.99	10.602	49.601	5	-1
2993	1.966	1.01	28.99	10.602	49.179	5	-1
2994	1.966	1.01	28.99	10.602	50.313	5	-1
2995	1.966	1.01	28.99	10.602	46.636	5	-1
2996	1.966	1.01	28.99	10.602	48.565	5	-1
2997	1.966	26.98	28.99	10.602	36.138	1	-1
2998	1.966	26.98	28.99	10.602	34.438	1	-1
3000	1.966	2.01	28.99	10.602	52.621	17	-1
3001	1.966	2.01	28.99	10.602	57.478	17	-1
3002	1.966	2.01	28.99	10.602	55.406	9	-1
3003	1.966	2.01	28.99	10.602	53.847	9	-1
3004	1.966	2.01	28.99	10.602	58.41	9	-1
3005	1.966	2.01	28.99	10.602	54.942	9	-1
3006	1.966	2.01	28.99	10.602	49.974	9	-1
3007	1.966	2.01	28.99	10.602	54.324	9	-1
3008	1.966	12.01	28.99	10.602	39.695	2	-1
3009	1.966	12.01	28.99	10.602	51.571	2	-1
3010	4.325	2.01	24.98	10.602	55.71	1	-1
3011	4.325	2.01	24.98	10.602	57.794	1	-1
3012	4.325	2.01	24.98	10.602	52.229	1	-1
3013	4.325	2.01	24.98	10.602	52.691	1	-1
3014	4.325	2.01	24.98	10.602	54.625	1	-1
3015	4.325	2.01	24.98	10.602	48.588	1	-1
3016	4.325	2.01	24.98	10.602	49.703	1	-1
3017	4.325	2.01	24.98	10.602	54.886	1	-1
3018	4.325	2.01	24.98	10.602	58.752	1	-1
3019	4.325	2.01	24.98	10.602	57.259	1	-1
3020	4.325	2.01	24.98	10.602	58.695	1	-1
3021	4.325	2.01	24.98	10.602	56.909	1	-1
3022	4.325	26.98	24.98	10.602	39.532	1	-1
3023	4.325	26.98	24.98	10.602	39.258	1	-1
3024	4.325	26.98	24.98	10.602	39.504	1	-1
3025	4.325	26.98	24.98	10.602	39.793	1	-1
3026	4.325	1.01	24.98	10.602	45.631	1	-1
3027	4.325	1.01	24.98	10.602	53.951	1	-1
3028	4.325	1.01	24.98	10.602	57.116	1	-1
3029	4.325	1.01	24.98	10.602	56.722	1	-1
3030	4.325	1.01	24.98	10.602	54.97	1	-1
3031	4.325	1.01	24.98	10.602	55.017	1	-1
3032	4.325	1.01	24.98	10.602	57.9	1	-1
3033	4.325	1.01	24.98	10.602	57.006	1	-1
3034	4.325	1.01	24.98	10.602	56.847	1	-1
3035	4.325	12.01	24.98	10.602	57.108	1	-1
3036	4.325	12.01	24.98	10.602	55.89	1	-1
3037	4.325	12.01	24.98	10.602	53.808	1	-1
3038	3.441	1.01	24.98	10.602	56.634	1	-1
3039	3.441	1.01	24.98	10.602	56.645	1	-1
3040	3.441	1.01	24.98	10.602	57.834	1	-1
3041	3.441	1.01	24.98	10.602	57.133	1	-1
3042	3.441	1.01	24.98	10.602	56.376	1	-1
3043	3.441	1.01	24.98	10.602	57.054	1	-1
3044	3.441	1.01	24.98	10.602	57.369	1	-1
3045	3.441	26.98	24.98	10.602	38.689	1	-1
3046	3.441	26.98	24.98	10.602	38.701	1	-1
3047	3.441	26.98	24.98	10.602	38.63	1	-1
3050	3.441	2.01	24.98	10.602	56.039	2	-1
3051	3.441	2.01	24.98	10.602	54.584	2	-1
3052	3.441	2.01	24.98	10.602	56.643	2	-1
3053	3.441	2.01	24.98	10.602	57.442	2	-1
3054	3.441	2.01	24.98	10.602	57.475	2	-1
3055	3.441	2.01	24.98	10.602	56.366	2	-1
3056	3.441	2.01	24.98	10.602	58.17	2	-1
3057	3.441	12.01	24.98	10.602	52.83	1	-1
3058	3.441	12.01	24.98	10.602	43.445	1	-1
3059	3.441	12.01	24.98	10.602	43.568	1	-1
3061	2.949	2.01	24.98	10.602	50.99	5	-1
3062	2.949	2.01	24.98	10.602	53.179	5	-1
3063	2.949	2.01	24.98	10.602	50.332	5	-1
3064	2.949	2.01	24.98	10.602	57.387	5	-1
3065	2.949	26.98	24.98	10.602	37.784	1	-1
3066	2.949	1.01	24.98	10.602	55.98	2	-1
3067	2.949	1.01	24.98	10.602	53.751	2	-1
3068	2.949	1.01	24.98	10.602	53.767	2	-1
3070	2.949	12.01	24.98	10.602	39.185	1	-1
3071	2.949	12.01	24.98	10.602	34.704	1	-1
3072	2.458	1.01	24.98	10.602	45.735	3	-1
3073	2.458	1.01	24.98	10.602	49.437	3	-1
3074	2.458	1.01	24.98	10.602	44.166	3	-1
3075	2.458	26.98	24.98	10.602	38.56	1	-1
3076	2.458	2.01	24.98	10.602	27.377	9	-1
3077	2.458	2.01	24.98	10.602	36.16	9	-1
3078	2.458	2.01	24.98	10.602	47.684	9	-1
3079	2.458	2.01	24.98	10.602	56.187	9	-1
3080	2.458	2.01	24.98	10.602	52.86	9	-1
3081	2.458	2.01	24.98	10.602	55.918	9	-1
3083	2.458	12.01	24.98	10.602	54.484	3	-1
3084	2.458	12.01	24.98	10.602	56.152	3	-1
3102	1.966	2.01	14.95	10.602	0	9	-1
3103	1.966	2.01	14.95	10.602	5.084	9	-1
3104	1.966	2.01	14.95	10.602	9.982	33	-1
3105	1.966	2.01	14.95	10.602	5.1	17	-1
3106	1.966	2.01	14.95	10.602	24.066	129	-1
3107	1.966	2.01	14.95	10.602	38.372	129	-1
3108	1.966	2.01	14.95	10.602	47.112	257	-1
3109	1.966	12.01	14.95	10.602	0	2	-1
3110	1.966	12.01	14.95	10.602	5.096	3	-1
3111	1.966	12.01	14.95	10.602	9.95	9	-1
3112	1.966	12.01	14.95	10.602	24.242	17	-1
3113	1.966	12.01	14.95	10.602	48.386	33	-1
3114	1.966	12.01	14.95	10.602	54.321	65	-1
3115	1.966	1.01	14.95	10.602	0	5	-1
3116	1.966	1.01	14.95	10.602	23.971	33	-1
3117	1.966	1.01	14.95	10.602	46.322	129	-1
3118	1.966	1.01	14.95	10.602	56.887	129	-1
3119	1.966	26.98	14.95	10.602	9.896	5	-1
3120	1.966	26.98	14.95	10.602	36.026	17	-1
3121	1.966	26.98	14.95	10.602	38.099	17	-1
3122	4.325	1.01	24.98	10.602	55.051	1	-1
3123	4.325	1.01	24.98	10.602	68.939	1	-1
3124	4.325	2.01	24.98	10.602	69.444	1	-1
3125	4.325	2.01	24.98	10.602	73.008	1	-1
3126	4.325	2.01	24.98	10.602	42.177	1	-1
3127	4.325	2.01	24.98	10.602	47.397	1	-1
3128	4.325	2.01	24.98	10.602	40.318	1	-1
3129	4.325	2.01	24.98	10.602	43.5	1	-1
3130	4.325	2.01	24.98	10.602	45.68	1	-1
3131	9.633	2.01	8.02	10.602	29.546	257	-1
3132	9.633	2.01	8.02	10.602	28.924	129	-1
3133	9.633	2.01	8.02	10.602	28.86	257	-1
3134	9.633	11.01	8.02	10.602	15.802	257	-1
3135	9.633	11.01	8.02	10.602	28.582	65	-1
3136	9.633	11.01	8.02	10.602	29.412	65	-1
3137	9.633	11.01	8.02	10.602	28.518	65	-1
3138	9.633	10.01	8.02	10.602	29.323	65	-1
3139	9.633	10.01	8.02	10.602	29.321	65	-1
3140	9.633	12.01	8.02	10.602	29.591	65	-1
3141	9.633	12.01	8.02	10.602	29.385	65	-1
3142	9.633	9.01	8.02	10.602	29.058	129	-1
3143	9.633	9.01	8.02	10.602	29.582	129	-1
3144	9.633	26.98	8.02	10.602	29.283	129	-1
3145	9.633	26.98	8.02	10.602	29.559	33	-1
3146	9.633	2.01	8.02	10.602	29.624	257	-1
3147	9.633	2.01	8.02	10.602	29.637	257	-1
3148	9.633	1.01	8.02	10.602	28.165	257	-1
3149	9.633	1.01	8.02	10.602	29.534	129	-1
3150	9.633	1.01	8.02	10.602	29.507	129	-1
3151	9.633	1.01	8.02	10.602	29.445	129	-1
3152	9.633	2.01	8.02	10.602	29.563	257	-1
3153	9.633	2.01	8.02	10.602	29.539	257	-1
3154	9.633	26.98	8.02	10.602	29.444	33	-1
3155	9.633	10.01	8.02	10.602	29.102	65	-1
3156	9.633	11.01	8.02	10.602	29.477	65	-1
3157	9.633	9.01	8.02	10.602	23.799	129	-1
3158	9.633	9.01	8.02	10.602	29.473	129	-1
3159	9.633	9.01	8.02	10.602	29.789	129	-1
3160	9.633	9.01	8.02	10.602	29.278	129	-1
3161	9.633	2.01	8.02	10.602	29.473	257	-1
3162	9.633	2.01	8.02	10.602	29.513	257	-1
3163	9.633	2.01	8.02	10.602	29.665	257	-1
3204	4.325	2.01	25	10.602	77.613	1	-1
3205	4.325	2.01	25	10.602	67.582	1	-1
3206	4.325	1.01	25	10.602	76.214	1	-1
3207	4.325	1.01	25	10.602	67.656	1	-1
3210	4.325	1.01	25	10.602	10.001	1	-1
3211	4.325	1.01	25	10.602	19.536	1	-1
3212	4.325	1.01	25	10.602	33.873	1	-1
3213	4.325	1.01	25	10.602	34.628	1	-1
3214	4.325	1.01	25	10.602	42.819	1	-1
3215	4.325	1.01	25	10.602	52.138	1	-1
3217	4.325	2.01	25	10.602	51.277	1	-1
3218	4.325	2.01	25	10.602	41.212	1	-1
3219	4.325	2.01	25	10.602	33.683	1	-1
3220	4.325	2.01	25	10.602	19.806	1	-1
3221	4.325	2.01	25	10.602	10.234	1	-1
3223	4.325	12.01	25	10.602	52.654	1	-1
3224	4.325	12.01	25	10.602	49.122	1	-1
3225	4.325	12.01	25	10.602	34.004	1	-1
3226	4.325	26.98	25	10.602	38.455	1	-1
