h21deg5p1	10.602	21.0608	5.00799	2676.31	1.60001e+09	1	4.00527e+07	8801408	0.765027	1.67269e-06	0.443848	6.53433
d21deg5p1	10.602	21.0608	5.00799	3094.38	1.60001e+09	1	4.47138e+07	10102891	1.17467	1.93398e-06	0.571005	11.1567
d21deg5p1	10.602	21.0608	5.00799	3094.38	1.60001e+09	1	4.47138e+07	10102891	1.17467	1.93398e-06	0.571005	11.1567
h29deg2p4	10.602	29.0158	2.35664	2676.31	3.4001e+09	1	5e+07	10080518	0.694919	7.87127e-07	0.668844	5.30704
d29deg2p4	10.602	29.0158	2.35664	3094.38	3.4001e+09	1	5e+07	10082474	1.11473	9.10083e-07	1.04283	9.56892
6.53433
d21deg4p0	10.602	21.0608	3.92807	3094.38	2.03989e+09	1	5e+07	10105056	3.11642	1.51693e-06	2.3536	36.0776
h29deg2p0	10.602	29.0158	1.96403	2676.31	4.07978e+09	1	5e+07	10080906	0.983768	6.55995e-07	1.09441	7.23735
d29deg2p0	10.602	29.0158	1.96403	3094.38	4.07978e+09	1	5e+07	10082994	1.63592	7.58467e-07	1.77337	13.5621
h21deg4p0	10.602	21.0608	3.92807	2676.31	2.03989e+09	1	5e+07	10104084	1.92229	1.31199e-06	1.50612	19.9659
d21deg3p3	10.602	21.0608	3.24076	3094.38	2.47252e+09	1	5e+07	10102957	4.68061	1.25151e-06	4.20504	53.1683
h39deg2p5	10.602	39.0008	2.45554	2676.31	3.26316e+09	1	4.26356e+07	9259677	0.0306527	8.2016e-07	0.0196769	0.149435
d25deg4p4	10.602	25.0058	4.32067	3094.38	1.85453e+09	1	4.3886e+07	10092703	0.376208	1.66855e-06	0.182341	3.07065
h21deg3p3	10.602	21.0608	3.24076	2676.31	2.47252e+09	1	5e+07	10103150	2.78191	1.08242e-06	2.5721	28.1283
d21deg2p7	10.602	21.0608	2.65135	3094.38	3.02217e+09	1	5e+07	10102640	6.09841	1.02389e-06	6.31626	65.3355
h39deg2p0	10.602	39.0008	1.96403	2676.31	4.07978e+09	1	5e+07	10048636	0.114292	6.55995e-07	0.0990481	0.652911
d33deg3p2	10.602	33.0008	3.14285	3094.38	2.54954e+09	1	4.45312e+07	10070489	0.0821696	1.2137e-06	0.0432554	0.528692
d25deg3p5	10.602	25.0058	3.43756	3094.38	2.33096e+09	1	5e+07	10093326	1.16662	1.32751e-06	0.872146	11.6859
h21deg2p7	10.602	21.0608	2.65135	2676.31	3.02217e+09	1	5e+07	10103730	3.51531	8.8556e-07	3.74688	33.525
h39deg1p6	10.602	39.0008	1.57143	2676.31	5.09907e+09	1	5e+07	10049453	0.24756	5.24863e-07	0.270314	1.42579
d33deg2p6	10.602	33.0008	2.55344	3094.38	3.13804e+09	1	5e+07	10071267	0.283479	9.86085e-07	0.218922	2.17414
d25deg3p0	10.602	25.0058	2.94605	3094.38	2.71985e+09	1	5e+07	10094282	1.84618	1.1377e-06	1.60441	18.4255
h25deg4p4	10.602	25.0058	4.32067	2676.31	1.85453e+09	1	3.89483e+07	8464840	0.250043	1.44312e-06	0.147737	1.80473
d33deg2p1	10.602	33.0008	2.06194	3094.38	3.88607e+09	1	5e+07	10073668	0.620442	7.96275e-07	0.588608	4.72146
h39deg1p3	10.602	39.0008	1.27672	2676.31	6.27609e+09	1	5e+07	10049749	0.393582	4.2643e-07	0.579535	2.48361
c21deg2p7	10.602	21.0608	2.65135	164.106	3.02217e+09	1	5e+07	10122960	36.3679	5.43006e-08	37.1079	20.3976
d33deg1p7	10.602	33.0008	1.65934	3094.38	4.82892e+09	1	5e+07	10072629	1.03877	6.40801e-07	1.21239	7.82542
d25deg2p5	10.602	25.0058	2.45554	3094.38	3.26316e+09	1	5e+07	10098081	2.66629	9.48277e-07	2.65709	25.4437
h25deg3p5	10.602	25.0058	3.43756	2676.31	2.33096e+09	1	5e+07	10093522	0.743611	1.14816e-06	0.576303	6.67875
h33deg3p2	10.602	33.0008	3.14285	2676.31	2.54954e+09	1	3.96573e+07	8562453	0.0553934	1.04973e-06	0.0341854	0.307266
d29deg3p7	10.602	29.0158	3.63336	3094.38	2.20535e+09	1	4.49901e+07	10084020	0.174342	1.40313e-06	0.0908469	1.28541
d39deg2p5	10.602	39.0008	2.45554	3094.38	3.26316e+09	1	4.67463e+07	10051107	0.0452943	9.48277e-07	0.0269649	0.257008
h33deg2p6	10.602	33.0008	2.55344	2676.31	3.13804e+09	1	5e+07	10067096	0.188255	8.5286e-07	0.149071	1.2799
c21deg3p3	10.602	21.0608	3.24076	164.106	2.47252e+09	1	5e+07	10123946	27.9061	6.63719e-08	24.8341	16.6872
h25deg3p0	10.602	25.0058	2.94605	2676.31	2.71985e+09	1	5e+07	10094678	1.13886	9.83992e-07	1.02179	10.1496
d29deg3p0	10.602	29.0158	2.94605	3094.38	2.71985e+09	1	5e+07	10082456	0.542717	1.1377e-06	0.4133	4.74088
h33deg2p1	10.602	33.0008	2.06194	2676.31	3.88607e+09	1	5e+07	10067834	0.395777	6.88694e-07	0.385294	2.6715
h25deg2p5	10.602	25.0058	2.45554	2676.31	3.26316e+09	1	5e+07	10097610	1.58829	8.2016e-07	1.62933	13.4935
d39deg2p0	10.602	39.0008	1.96403	3094.38	4.07978e+09	1	5e+07	10050906	0.170572	7.58467e-07	0.14498	1.10522
c21deg4p0	10.602	21.0608	3.92807	164.106	2.03989e+09	1	5e+07	10124096	18.3993	8.04484e-08	13.6723	11.1357
h33deg1p7	10.602	33.0008	1.65934	2676.31	4.82892e+09	1	5e+07	10073017	0.634183	5.54226e-07	0.75331	4.20552
d39deg1p6	10.602	39.0008	1.57143	3094.38	5.09907e+09	1	5e+07	10051360	0.384198	6.06851e-07	0.41462	2.52905
h29deg3p7	10.602	29.0158	3.63336	2676.31	2.20535e+09	1	4.03614e+07	8816594	0.117005	1.21356e-06	0.0704504	0.75378
c21deg5p1	10.602	21.0608	5.00799	164.106	1.60001e+09	1	4.47179e+07	10120066	6.81849	1.02566e-07	3.28377	3.40846
d39deg1p3	10.602	39.0008	1.27672	3094.38	6.27609e+09	1	5e+07	10051147	0.636495	4.93042e-07	0.952403	4.71977
h29deg3p0	10.602	29.0158	2.94605	2676.31	2.71985e+09	1	5e+07	10080990	0.354147	9.83992e-07	0.278038	2.75804
c25deg4p4	10.602	25.0058	4.32067	164.106	1.85453e+09	1	4.38943e+07	10125506	2.18313	8.84891e-08	1.07242	0.960881
c25deg3p5	10.602	25.0058	3.43756	164.106	2.33096e+09	1	5e+07	10126251	6.8018	7.04026e-08	5.00012	3.56466
c25deg3p0	10.602	25.0058	2.94605	164.106	2.71985e+09	1	5e+07	10129885	10.8958	6.03363e-08	9.33172	5.70354
c25deg2p5	10.602	25.0058	2.45554	164.106	3.26316e+09	1	5e+07	10126088	15.8599	5.02905e-08	15.5469	7.91717
c29deg3p7	10.602	29.0158	3.63336	164.106	2.20535e+09	1	4.49899e+07	10121105	1.01737	7.44127e-08	0.543395	0.409252
c29deg3p0	10.602	29.0158	2.94605	164.106	2.71985e+09	1	5e+07	10119874	3.1426	6.03363e-08	2.356	1.43856
c29deg2p4	10.602	29.0158	2.35664	164.106	3.4001e+09	1	5e+07	10124432	6.56092	4.82649e-08	6.01915	2.94129
c29deg2p0	10.602	29.0158	1.96403	164.106	4.07978e+09	1	5e+07	10122464	9.70404	4.02242e-08	10.1347	4.12652
c33deg3p2	10.602	33.0008	3.14285	164.106	2.54954e+09	1	4.45323e+07	10120824	0.485629	6.43669e-08	0.266442	0.173573
c33deg2p6	10.602	33.0008	2.55344	164.106	3.13804e+09	1	5e+07	10120218	1.63521	5.22955e-08	1.24484	0.65882
c33deg2p1	10.602	33.0008	2.06194	164.106	3.88607e+09	1	5e+07	10124703	3.6235	4.22293e-08	3.34916	1.43196
c33deg1p7	10.602	33.0008	1.65934	164.106	4.82892e+09	1	5e+07	10123827	6.14223	3.39839e-08	6.66324	2.29247
c39deg2p5	10.602	39.0008	2.45554	164.106	3.26316e+09	1	4.67457e+07	10119781	0.269854	5.02905e-08	0.166423	0.0846971
c39deg2p0	10.602	39.0008	1.96403	164.106	4.07978e+09	1	5e+07	10119623	0.981701	4.02242e-08	0.81431	0.331468
c39deg1p6	10.602	39.0008	1.57143	164.106	5.09907e+09	1	5e+07	10126279	2.2385	3.21834e-08	2.24399	0.731314
c39deg1p3	10.602	39.0008	1.27672	164.106	6.27609e+09	1	5e+07	10125461	3.75234	2.61478e-08	4.46334	1.18171
