h21deg2p7	10.602	21.0608	2.654	2676.31	3.01915e+09	1	5e+07	10094664	3.53008	8.86446e-07	3.7524	33.5779
h21deg2p7	10.602	21.0608	2.654	2676.31	3.01915e+09	1	5e+07	10094664	3.53008	8.86446e-07	3.7524	33.5779
d21deg2p7	10.602	21.0608	2.654	3094.38	3.01915e+09	1	5e+07	10094774	6.05719	1.02492e-06	6.24894	64.6535
h21deg5p1	10.602	21.0608	5.013	2676.31	1.59841e+09	1	3.9954e+07	8767564	0.763895	1.67436e-06	0.44422	6.52117
h21deg4p0	10.602	21.0608	3.932	2676.31	2.03785e+09	1	5e+07	10093889	1.9211	1.3133e-06	1.5036	19.9322
h21deg3p3	10.602	21.0608	3.244	2676.31	2.47004e+09	1	5e+07	10093782	2.78722	1.08351e-06	2.57089	28.117
d21deg5p1	10.602	21.0608	5.013	3094.38	1.59841e+09	1	4.46466e+07	10095947	1.1604	1.93591e-06	0.569686	11.1344
d21deg4p0	10.602	21.0608	3.932	3094.38	2.03785e+09	1	5e+07	10093295	3.054	1.51845e-06	2.3194	35.5476
d21deg3p3	10.602	21.0608	3.244	3094.38	2.47745e+09	1	5.015e+07	10125017	4.60484	1.24902e-06	4.12757	52.1984
d33deg3p2	10.602	33.0008	3.146	3094.38	2.54699e+09	1	4.44508e+07	10065982	0.0818924	1.21492e-06	0.0428819	0.524417
h25deg4p4	10.602	25.0058	4.325	2676.31	1.85268e+09	1	3.88424e+07	8431437	0.248961	1.44457e-06	0.147197	1.79282
h29deg2p4	10.602	29.0158	2.359	2676.31	3.3967e+09	1	5e+07	10075956	0.690898	7.87915e-07	0.665481	5.28325
d29deg2p4	10.602	29.0158	2.359	3094.38	3.3967e+09	1	5e+07	10076529	1.1068	9.10994e-07	1.04003	9.54716
c21deg2p7	10.602	21.0608	2.654	164.106	3.01915e+09	1	5e+07	10126932	35.5184	5.4355e-08	36.027	19.831
d33deg2p6	10.602	33.0008	2.556	3094.38	3.13491e+09	1	5e+07	10066496	0.283854	9.87072e-07	0.219437	2.1804
h29deg2p0	10.602	29.0158	1.966	2676.31	4.0757e+09	1	5e+07	10077080	0.977155	6.56652e-07	1.08818	7.2006
d29deg2p0	10.602	29.0158	1.966	3094.38	4.0757e+09	1	5e+07	10077850	1.62165	7.59226e-07	1.76268	13.4869
h25deg3p5	10.602	25.0058	3.441	2676.31	2.32863e+09	1	5e+07	10086858	0.7415	1.14931e-06	0.574663	6.66201
c21deg3p3	10.602	21.0608	3.244	164.106	2.47004e+09	1	5e+07	10127543	26.8613	6.64384e-08	23.8123	16.0223
h39deg2p5	10.602	39.0008	2.458	2676.31	3.25989e+09	1	4.25314e+07	9233685	0.0302671	8.20981e-07	0.0194352	0.147332
d33deg2p1	10.602	33.0008	2.064	3094.38	3.88218e+09	1	5e+07	10068168	0.620076	7.97072e-07	0.590627	4.73981
h25deg3p0	10.602	25.0058	2.949	2676.31	2.71713e+09	1	5e+07	10087865	1.136	9.84977e-07	1.01903	10.1254
d25deg4p4	10.602	25.0058	4.325	3094.38	1.85268e+09	1	4.38154e+07	10085335	0.373839	1.67022e-06	0.181666	3.06012
c21deg4p0	10.602	21.0608	3.932	164.106	2.03785e+09	1	5e+07	10127785	17.5691	8.05289e-08	13.1214	10.7015
h39deg2p0	10.602	39.0008	1.966	2676.31	4.0757e+09	1	5e+07	10046985	0.113004	6.56652e-07	0.0980267	0.646718
d33deg1p7	10.602	33.0008	1.661	3094.38	4.82409e+09	1	5e+07	10067578	1.03398	6.41442e-07	1.21059	7.81771
h25deg2p5	10.602	25.0058	2.458	2676.31	3.25989e+09	1	5e+07	10084463	1.58497	8.20981e-07	1.625	13.4536
d25deg3p5	10.602	25.0058	3.441	3094.38	2.32863e+09	1	5e+07	10086807	1.15337	1.32884e-06	0.868704	11.6439
h39deg1p6	10.602	39.0008	1.573	2676.31	5.09397e+09	1	5e+07	10048777	0.244166	5.25388e-07	0.26737	1.41158
c21deg5p1	10.602	21.0608	5.013	164.106	1.59841e+09	1	4.46482e+07	10125526	6.55015	1.02668e-07	3.18828	3.31444
d29deg3p7	10.602	29.0158	3.637	3094.38	2.20314e+09	1	4.49217e+07	10075553	0.173778	1.40453e-06	0.0903118	1.27804
h29deg3p7	10.602	29.0158	3.637	2676.31	2.20314e+09	1	4.0259e+07	8782039	0.116172	1.21477e-06	0.0699253	0.745975
d25deg3p0	10.602	25.0058	2.949	3094.38	2.71713e+09	1	5e+07	10087529	1.82083	1.13884e-06	1.59036	18.2701
h39deg1p3	10.602	39.0008	1.278	2676.31	6.26981e+09	1	5e+07	10051203	0.387231	4.26857e-07	0.573186	2.45921
c25deg4p4	10.602	25.0058	4.325	164.106	1.85268e+09	1	4.38161e+07	10127920	2.10381	8.85777e-08	1.03134	0.925224
d29deg3p0	10.602	29.0158	2.949	3094.38	2.71713e+09	1	5e+07	10076100	0.541075	1.13884e-06	0.413752	4.74783
h29deg3p0	10.602	29.0158	2.949	2676.31	2.71713e+09	1	5e+07	10075841	0.352366	9.84977e-07	0.276692	2.74602
h33deg3p2	10.602	33.0008	3.146	2676.31	2.54699e+09	1	3.95477e+07	8531012	0.0548436	1.05078e-06	0.0338328	0.303284
d25deg2p5	10.602	25.0058	2.458	3094.38	3.25989e+09	1	5e+07	10084801	2.63234	9.49226e-07	2.6261	25.1391
c25deg3p5	10.602	25.0058	3.441	164.106	2.32863e+09	1	5e+07	10127173	6.55099	7.0473e-08	4.84998	3.46139
d39deg2p5	10.602	39.0008	2.458	3094.38	3.25989e+09	1	4.66806e+07	10046324	0.0450868	9.49226e-07	0.0266584	0.25422
h33deg2p6	10.602	33.0008	2.556	2676.31	3.13491e+09	1	5e+07	10066098	0.18677	8.53714e-07	0.147979	1.27166
c25deg3p0	10.602	25.0058	2.949	164.106	2.71713e+09	1	5e+07	10127223	10.4882	6.03967e-08	9.02066	5.51749
d39deg2p0	10.602	39.0008	1.966	3094.38	4.0757e+09	1	5e+07	10047716	0.171371	7.59226e-07	0.145539	1.11025
h33deg2p1	10.602	33.0008	2.064	2676.31	3.88218e+09	1	5e+07	10067092	0.392238	6.89384e-07	0.382426	2.65407
d39deg1p6	10.602	39.0008	1.573	3094.38	5.09397e+09	1	5e+07	10048895	0.385942	6.07458e-07	0.417298	2.54731
c25deg2p5	10.602	25.0058	2.458	164.106	3.25989e+09	1	5e+07	10127071	15.3302	5.03408e-08	15.0258	7.6602
h33deg1p7	10.602	33.0008	1.661	2676.31	4.82409e+09	1	5e+07	10067371	0.627273	5.5478e-07	0.74712	4.1728
d39deg1p3	10.602	39.0008	1.278	3094.38	6.26981e+09	1	5e+07	10051434	0.636735	4.93536e-07	0.953873	4.73192
c29deg3p7	10.602	29.0158	3.637	164.106	2.20314e+09	1	4.49211e+07	10127207	0.98253	7.44872e-08	0.520707	0.392794
c29deg3p0	10.602	29.0158	2.949	164.106	2.71713e+09	1	5e+07	10127472	3.05237	6.03967e-08	2.29739	1.40524
c29deg2p4	10.602	29.0158	2.359	164.106	3.3967e+09	1	5e+07	10126780	6.3615	4.83132e-08	5.86031	2.8672
c29deg2p0	10.602	29.0158	1.966	164.106	4.0757e+09	1	5e+07	10128562	9.41534	4.02644e-08	9.85711	4.01994
c33deg3p2	10.602	33.0008	3.146	164.106	2.54699e+09	1	4.44546e+07	10127975	0.468475	6.44313e-08	0.253778	0.165605
c33deg2p6	10.602	33.0008	2.556	164.106	3.13491e+09	1	5e+07	10127059	1.59559	5.23479e-08	1.21525	0.644242
c33deg2p1	10.602	33.0008	2.064	164.106	3.88218e+09	1	5e+07	10129162	3.53744	4.22715e-08	3.28144	1.40503
c33deg1p7	10.602	33.0008	1.661	164.106	4.82409e+09	1	5e+07	10129321	5.98184	3.40179e-08	6.5146	2.24479
c39deg2p5	10.602	39.0008	2.458	164.106	3.25989e+09	1	4.66843e+07	10127827	0.260179	5.03408e-08	0.158336	0.0807263
c39deg2p0	10.602	39.0008	1.966	164.106	4.0757e+09	1	5e+07	10130118	0.962151	4.02644e-08	0.797139	0.32514
c39deg1p6	10.602	39.0008	1.573	164.106	5.09397e+09	1	5e+07	10127731	2.19765	3.22157e-08	2.20949	0.720895
c39deg1p3	10.602	39.0008	1.278	164.106	6.26981e+09	1	5e+07	10126034	3.67256	2.61739e-08	4.3901	1.16354
