h29deg2p4	10.602	29.0158	2.359	2676.31	3.3967e+09	1	5e+07	10134540	0.693327	7.87915e-07	0.668493	5.33802
h21deg5p1	10.602	21.0608	5.013	2676.31	1.59841e+09	1	3.99561e+07	8821770	0.760832	1.67436e-06	0.444792	6.56995
d29deg2p4	10.602	29.0158	2.359	3094.38	3.3967e+09	1	5e+07	10136514	1.11194	9.10994e-07	1.04234	9.6253
d21deg5p1	10.602	21.0608	5.013	3094.38	1.59841e+09	1	4.46427e+07	10156541	1.16799	1.93591e-06	0.571865	11.2441
h29deg2p0	10.602	29.0158	1.966	2676.31	4.0757e+09	1	5e+07	10135294	0.982202	6.56652e-07	1.09415	7.28193
d29deg2p0	10.602	29.0158	1.966	3094.38	4.0757e+09	1	5e+07	10137226	1.63302	7.59226e-07	1.77302	13.6459
h21deg4p0	10.602	21.0608	3.932	2676.31	2.03785e+09	1	5e+07	10157816	1.91745	1.3133e-06	1.50476	20.074
d21deg4p0	10.602	21.0608	3.932	3094.38	2.03785e+09	1	5e+07	10158804	3.10791	1.51845e-06	2.35167	36.276
h39deg2p5	10.602	39.0008	2.458	2676.31	3.25989e+09	1	4.25458e+07	9286917	0.030417	8.20981e-07	0.0197743	0.150767
d25deg4p4	10.602	25.0058	4.325	3094.38	1.85268e+09	1	4.38101e+07	10146325	0.373711	1.67022e-06	0.182888	3.09933
h21deg3p3	10.602	21.0608	3.244	2676.31	2.47004e+09	1	5e+07	10157002	2.77785	1.08351e-06	2.5707	28.291
d21deg3p3	10.602	21.0608	3.244	3094.38	2.47004e+09	1	5e+07	10156585	4.673	1.25276e-06	4.20258	53.4727
h39deg2p0	10.602	39.0008	1.966	2676.31	4.0757e+09	1	5e+07	10102070	0.113787	6.56652e-07	0.0990301	0.65692
d25deg3p5	10.602	25.0058	3.441	3094.38	2.32863e+09	1	5e+07	10147118	1.16243	1.32884e-06	0.871677	11.7536
h21deg2p7	10.602	21.0608	2.654	2676.31	3.01915e+09	1	5e+07	10157682	3.512	8.86446e-07	3.74588	33.7288
h39deg1p6	10.602	39.0008	1.573	2676.31	5.09397e+09	1	5e+07	10103045	0.246892	5.25388e-07	0.270268	1.43459
d21deg2p7	10.602	21.0608	2.654	3094.38	3.01915e+09	1	5e+07	10156623	6.09178	1.02492e-06	6.3145	65.732
c21deg2p7	10.602	21.0608	2.654	164.106	3.01915e+09	1	5e+07	10177299	36.3292	5.4355e-08	37.0954	20.5207
d25deg3p0	10.602	25.0058	2.949	3094.38	2.71713e+09	1	5e+07	10148468	1.84165	1.13884e-06	1.60345	18.5319
h25deg4p4	10.602	25.0058	4.325	2676.31	1.85268e+09	1	3.88472e+07	8480934	0.248412	1.44457e-06	0.14823	1.816
h39deg1p3	10.602	39.0008	1.278	2676.31	6.26981e+09	1	5e+07	10104183	0.392853	4.26857e-07	0.579762	2.50054
d33deg3p2	10.602	33.0008	3.146	3094.38	2.54699e+09	1	4.44559e+07	10124333	0.0815463	1.21492e-06	0.0434486	0.534428
c21deg3p3	10.602	21.0608	3.244	164.106	2.47004e+09	1	5e+07	10178459	27.86	6.64384e-08	24.819	16.7836
h33deg3p2	10.602	33.0008	3.146	2676.31	2.54699e+09	1	3.95566e+07	8579764	0.0549708	1.05078e-06	0.0343526	0.309703
d25deg2p5	10.602	25.0058	2.458	3094.38	3.25989e+09	1	5e+07	10152122	2.66186	9.49226e-07	2.65616	25.5965
h25deg3p5	10.602	25.0058	3.441	2676.31	2.32863e+09	1	5e+07	10147267	0.741098	1.14931e-06	0.575882	6.71612
d33deg2p6	10.602	33.0008	2.556	3094.38	3.13491e+09	1	5e+07	10125000	0.282173	9.87072e-07	0.218916	2.18787
c21deg4p0	10.602	21.0608	3.932	164.106	2.03785e+09	1	5e+07	10178624	18.3477	8.05289e-08	13.6627	11.1989
d39deg2p5	10.602	39.0008	2.458	3094.38	3.25989e+09	1	4.66847e+07	10104415	0.0449497	9.49226e-07	0.0270693	0.259631
h33deg2p6	10.602	33.0008	2.556	2676.31	3.13491e+09	1	5e+07	10120979	0.187416	8.53714e-07	0.149037	1.28774
h25deg3p0	10.602	25.0058	2.949	2676.31	2.71713e+09	1	5e+07	10148837	1.13631	9.84977e-07	1.02114	10.2077
d33deg2p1	10.602	33.0008	2.064	3094.38	3.88218e+09	1	5e+07	10127672	0.61865	7.97072e-07	0.588407	4.7499
c21deg5p1	10.602	21.0608	5.013	164.106	1.59841e+09	1	4.46467e+07	10174305	6.77951	1.02668e-07	3.28951	3.43615
d39deg2p0	10.602	39.0008	1.966	3094.38	4.0757e+09	1	5e+07	10104517	0.169795	7.59226e-07	0.144985	1.11227
h33deg2p1	10.602	33.0008	2.064	2676.31	3.88218e+09	1	5e+07	10121624	0.394714	6.89384e-07	0.385106	2.68715
d33deg1p7	10.602	33.0008	1.661	3094.38	4.82409e+09	1	5e+07	10126758	1.03675	6.41442e-07	1.21239	7.87533
h25deg2p5	10.602	25.0058	2.458	2676.31	3.25989e+09	1	5e+07	10151588	1.58592	8.20981e-07	1.62871	13.5741
c25deg4p4	10.602	25.0058	4.325	164.106	1.85268e+09	1	4.38179e+07	10180244	2.16881	8.85777e-08	1.0758	0.970092
d39deg1p6	10.602	39.0008	1.573	3094.38	5.09397e+09	1	5e+07	10104722	0.383086	6.07458e-07	0.414645	2.54518
h33deg1p7	10.602	33.0008	1.661	2676.31	4.82409e+09	1	5e+07	10127112	0.633068	5.5478e-07	0.753241	4.23195
h29deg3p7	10.602	29.0158	3.637	2676.31	2.20314e+09	1	4.02652e+07	8837673	0.116196	1.21477e-06	0.0707218	0.759252
d29deg3p7	10.602	29.0158	3.637	3094.38	2.20314e+09	1	4.49191e+07	10137878	0.173127	1.40453e-06	0.0911548	1.29795
d39deg1p3	10.602	39.0008	1.278	3094.38	6.26981e+09	1	5e+07	10105304	0.635192	4.93536e-07	0.952963	4.75274
h29deg3p0	10.602	29.0158	2.949	2676.31	2.71713e+09	1	5e+07	10134998	0.352751	9.84977e-07	0.277903	2.77423
d29deg3p0	10.602	29.0158	2.949	3094.38	2.71713e+09	1	5e+07	10136463	0.540475	1.13884e-06	0.413187	4.76974
c25deg3p0	10.602	25.0058	2.949	164.106	2.71713e+09	1	5e+07	10184568	10.8684	6.03967e-08	9.32638	5.73679
c25deg2p5	10.602	25.0058	2.458	164.106	3.25989e+09	1	5e+07	10180866	15.8333	5.03408e-08	15.54	7.96444
c29deg3p7	10.602	29.0158	3.637	164.106	2.20314e+09	1	4.49197e+07	10175508	1.01046	7.44872e-08	0.545045	0.413114
c29deg3p0	10.602	29.0158	2.949	164.106	2.71713e+09	1	5e+07	10174111	3.12946	6.03967e-08	2.35564	1.4475
c29deg2p4	10.602	29.0158	2.359	164.106	3.3967e+09	1	5e+07	10178928	6.54409	4.83132e-08	6.01601	2.95854
c29deg2p0	10.602	29.0158	1.966	164.106	4.0757e+09	1	5e+07	10177186	9.68662	4.02644e-08	10.1305	4.15128
c33deg3p2	10.602	33.0008	3.146	164.106	2.54699e+09	1	4.44578e+07	10175118	0.482091	6.44313e-08	0.267425	0.175323
c33deg2p6	10.602	33.0008	2.556	164.106	3.13491e+09	1	5e+07	10174674	1.62766	5.23479e-08	1.24504	0.663137
c33deg2p1	10.602	33.0008	2.064	164.106	3.88218e+09	1	5e+07	10179257	3.61274	4.22715e-08	3.34777	1.44052
c33deg1p7	10.602	33.0008	1.661	164.106	4.82409e+09	1	5e+07	10178837	6.13006	3.40179e-08	6.66085	2.30641
c39deg2p5	10.602	39.0008	2.458	164.106	3.25989e+09	1	4.6685e+07	10174116	0.267903	5.03408e-08	0.166948	0.0855063
c39deg2p0	10.602	39.0008	1.966	164.106	4.0757e+09	1	5e+07	10174269	0.977228	4.02644e-08	0.8144	0.333628
c39deg1p6	10.602	39.0008	1.573	164.106	5.09397e+09	1	5e+07	10181221	2.23185	3.22157e-08	2.24329	0.735786
c39deg1p3	10.602	39.0008	1.278	164.106	6.26981e+09	1	5e+07	10180804	3.74453	2.61739e-08	4.46209	1.18902
