Run	Mom	Tgt	Theta	Beam E	BCM1PS2	PS3	
1565	5.7	1.01	-20.995	10.602	46.943	1	-1
1571	5.7	1.01	-20.995	10.602	43.572	1	-1
1572	5.7	1.01	-20.995	10.602	44.603	1	-1
1573	5.7	26.98	-20.995	10.602	38.246	1	-1
1574	5.7	2.01	-20.995	10.602	48.196	1	-1
1575	5.7	2.01	-20.995	10.602	47.144	1	-1
1576	5.7	2.01	-20.995	10.602	46.473	1	-1
1577	5.7	2.01	-20.995	10.602	48.04	1	-1
1578	5.7	2.01	-20.995	10.602	48.77	1	-1
1579	5.7	10.01	-20.995	10.602	36.927	1	-1
1580	5.7	11.01	-20.995	10.602	29.827	1	-1
1581	5.7	11.01	-20.995	10.602	32.033	1	-1
1586	5.7	9.01	-20.995	10.602	23.386	1	-1
1588	5.7	12.01	-20.995	10.602	29.758	1	-1
1589	5.7	12.01	-20.995	10.602	28.676	1	-1
1590	5.1	12.01	-20.995	10.602	36.26	1	-1
1591	5.1	12.01	-20.995	10.602	36.734	1	-1
1592	5.1	9.01	-20.995	10.602	33.567	1	-1
1593	5.1	9.01	-20.995	10.602	29.942	1	-1
1594	5.1	11.01	-20.995	10.602	34.454	1	-1
1595	5.1	10.01	-20.995	10.602	33.069	1	-1
1596	5.1	26.98	-20.995	10.602	35.059	1	-1
1597	5.1	2.01	-20.995	10.602	32.085	1	-1
1599	5.1	2.01	-20.995	10.602	36.942	1	-1
1600	5.1	1.01	-20.995	10.602	35.114	1	-1
1601	5.1	1.01	-20.995	10.602	36.559	1	-1
1602	5.1	1.01	-20.995	10.602	34.803	1	-1
1603	4.5	1.01	-20.995	10.602	36.695	1	-1
1604	4.5	1.01	-20.995	10.602	36.621	1	-1
1605	4.5	1.01	-20.995	10.602	37.35	1	-1
1606	4.5	2.01	-20.995	10.602	38.154	1	-1
1607	4.5	2.01	-20.995	10.602	38.86	1	-1
1608	4.5	2.01	-20.995	10.602	35.333	1	-1
1609	4.5	26.98	-20.995	10.602	35.87	1	-1
1610	4.5	26.98	-20.995	10.602	38.786	1	-1
1611	4.5	10.01	-20.995	10.602	36.903	1	-1
1612	4.5	10.01	-20.995	10.602	36.495	1	-1
1613	4.5	10.01	-20.995	10.602	38.136	1	-1
1614	4.5	10.01	-20.995	10.602	35.75	1	-1
1615	4.5	11.01	-20.995	10.602	35.607	1	-1
1616	4.5	11.01	-20.995	10.602	37.15	1	-1
1617	4.5	2.01	-20.995	10.602	34.176	1	-1
1619	4.5	12.01	-20.995	10.602	38.963	1	-1
1620	4.5	9.01	-20.995	10.602	35.986	1	-1
1621	4.5	9.01	-20.995	10.602	31.564	1	-1
1622	4	12.01	-20.995	10.602	40.868	1	-1
1623	4	12.01	-20.995	10.602	34.324	1	-1
1624	4	2.01	-20.995	10.602	54.601	2	-1
1625	4	2.01	-20.995	10.602	48.932	2	-1
1626	4	1.01	-20.995	10.602	43.135	2	-1
1627	4	1.01	-20.995	10.602	43.789	1	-1
1628	4	26.98	-20.995	10.602	38.603	1	-1
1629	4	26.98	-20.995	10.602	34.834	1	-1
1630	4	9.01	-20.995	10.602	37.772	2	-1
1631	4	9.01	-20.995	10.602	40.49	2	-1
1632	4	9.01	-20.995	10.602	40.626	2	-1
1633	4	11.01	-20.995	10.602	38.287	1	-1
1634	3.3	10.01	-20.995	10.602	33.614	2	-1
1635	3.3	10.01	-20.995	10.602	31.752	2	-1
1636	3.3	10.01	-20.995	10.602	35.179	2	-1
1637	3.3	1.01	-20.995	10.602	37.308	2	-1
1638	3.3	1.01	-20.995	10.602	42.114	17	-1
1639	3.3	1.01	-20.995	10.602	40.693	17	-1
1640	3.3	2.01	-20.995	10.602	39.673	3	-1
1641	3.3	26.98	-20.995	10.602	34.695	1	-1
1643	1.5	26.98	-58.98	10.602	35.817	1	-1
1644	1.5	1.01	-58.98	10.602	40.134	1	-1
1645	1.5	1.01	-58.98	10.602	44.499	1	-1
1649	1.5	1.01	-58.98	10.602	43.962	1	-1
1651	1.5	1.01	-58.98	10.602	44.04	1	-1
1652	1.5	2.01	-58.98	10.602	45.963	1	-1
1653	1.5	2.01	-58.98	10.602	44.286	1	-1
1654	1.5	2.01	-58.98	10.602	42.311	1	-1
1655	1.5	2.01	-58.98	10.602	45.829	1	-1
1656	1.5	26.98	-58.98	10.602	37.89	1	-1
1657	1.5	26.98	-58.98	10.602	38.105	1	-1
1658	1.5	1.01	-58.98	10.602	46.054	1	-1
1659	1.5	1.01	-58.98	10.602	49.794	1	-1
1660	1.5	1.01	-58.98	10.602	43.564	1	-1
1661	1.5	1.01	-58.98	10.602	42.801	1	-1
1662	1.5	1.01	-58.98	10.602	42.995	1	-1
1663	1.5	1.01	-58.98	10.602	42.869	1	-1
1664	1.5	1.01	-58.98	10.602	42.691	1	-1
1665	1.5	2.01	-58.98	10.602	42.182	1	-1
1666	1.5	2.01	-58.98	10.602	42.75	1	-1
1667	1.5	2.01	-58.98	10.602	41.301	1	-1
1668	1.5	2.01	-58.98	10.602	39.346	1	-1
1669	1.5	2.01	-58.98	10.602	37.583	1	-1
1670	1.5	2.01	-58.98	10.602	39.642	1	-1
1671	1.5	26.98	-58.98	10.602	37.512	1	-1
1672	1.5	26.98	-58.98	10.602	37.695	1	-1
1673	1.5	26.98	-58.98	10.602	37.709	1	-1
1674	1.5	1.01	-58.98	10.602	36.6	1	-1
1675	1.5	1.01	-58.98	10.602	35.519	1	-1
1676	1.5	1.01	-58.98	10.602	37.119	1	-1
1677	1.5	1.01	-58.98	10.602	37.202	1	-1
1678	1.5	26.98	-58.98	10.602	37.095	1	-1
1679	1.5	2.01	-58.98	10.602	41.297	1	-1
1683	1.5	2.01	-58.98	10.602	41.101	1	-1
1684	1.5	2.01	-58.98	10.602	42.354	1	-1
1685	1.5	2.01	-58.98	10.602	42.524	1	-1
1686	1.5	1.01	-58.98	10.602	41.685	1	-1
1687	1.5	1.01	-58.98	10.602	41.164	1	-1
1688	1.5	1.01	-58.98	10.602	41.199	1	-1
1689	1.5	1.01	-58.98	10.602	41.746	1	-1
1690	1.5	1.01	-58.98	10.602	39.893	1	-1
1691	1.5	1.01	-58.98	10.602	40.154	1	-1
1692	1.5	1.01	-58.98	10.602	39.463	1	-1
1693	1.5	26.98	-58.98	10.602	35.876	1	-1
1694	1.5	2.01	-58.98	10.602	40.612	1	-1
1695	1.5	2.01	-58.98	10.602	41.169	1	-1
1696	1.5	2.01	-58.98	10.602	40.786	1	-1
1697	1.5	2.01	-58.98	10.602	40.5	1	-1
1698	1.5	2.01	-58.98	10.602	39.164	1	-1
1699	1.5	2.01	-58.98	10.602	32.721	1	-1
1700	1.5	2.01	-58.98	10.602	32.347	1	-1
1701	1.5	2.01	-58.98	10.602	37.046	1	-1
1702	1.5	26.98	-58.98	10.602	37.224	1	-1
1703	1.5	26.98	-58.98	10.602	34.928	1	-1
1704	1.5	1.01	-58.98	10.602	40.427	1	-1
1705	1.5	1.01	-58.98	10.602	39.778	1	-1
1706	1.5	1.01	-58.98	10.602	40.352	1	-1
1707	1.5	1.01	-58.98	10.602	38.662	1	-1
1708	1.5	1.01	-58.98	10.602	41.882	1	-1
1709	1.5	1.01	-58.98	10.602	41.397	1	-1
1710	1.5	1.01	-58.98	10.602	40.1	1	-1
1711	1.5	1.01	-58.98	10.602	41.753	1	-1
1712	1.5	1.01	-58.98	10.602	40.183	1	-1
1713	1.5	1.01	-58.98	10.602	43.177	1	-1
1733	1.5	1.01	-58.98	10.602	38.283	1	-1
1734	1.5	26.98	-58.98	10.602	37.913	1	-1
1735	1.5	2.01	-58.98	10.602	38.019	1	-1
1736	1.5	2.01	-58.98	10.602	38.099	1	-1
1737	1.5	1.01	-58.98	10.602	37.499	1	-1
1738	1.5	1.01	-58.98	10.602	37.79	1	-1
1739	1.5	1.01	-58.98	10.602	37.662	1	-1
1740	1.5	1.01	-58.98	10.602	37.517	1	-1
1741	1.5	26.98	-58.98	10.602	37.315	1	-1
1742	1.5	2.01	-58.98	10.602	36.934	1	-1
1743	1.5	2.01	-58.98	10.602	36.755	1	-1
1746	1.5	1.01	-58.98	10.602	37.218	1	-1
1747	1.5	1.01	-58.98	10.602	37.279	1	-1
1756	1.5	1.01	-58.98	10.602	45.418	1	-1
1757	1.5	1.01	-58.98	10.602	45.553	1	-1
1758	1.5	1.01	-58.98	10.602	43.225	1	-1
1759	1.5	1.01	-58.98	10.602	46.744	1	-1
1760	1.5	1.01	-58.98	10.602	46.967	1	-1
1761	1.5	1.01	-58.98	10.602	44.013	1	-1
1762	1.35	1.01	-58.98	10.602	47.468	1	-1
1763	1.35	1.01	-58.98	10.602	46.716	1	-1
1764	1.35	26.98	-58.98	10.602	37.469	1	-1
1765	1.35	2.01	-58.98	10.602	46.95	1	-1
1766	1.35	2.01	-58.98	10.602	46.404	1	-1
1767	1.35	1.01	-58.98	10.602	58.159	1	-1
1768	1.35	1.01	-58.98	10.602	46.046	1	-1
1769	1.35	26.98	-58.98	10.602	38.16	1	-1
1770	1.35	2.01	-58.98	10.602	44.9	1	-1
1771	1.35	2.01	-58.98	10.602	41.261	1	-1
1772	1.35	1.01	-58.98	10.602	40.104	1	-1
1773	1.35	1.01	-58.98	10.602	45.686	1	-1
1774	1.35	26.98	-58.98	10.602	37.605	1	-1
1775	1.35	2.01	-58.98	10.602	47.246	1	-1
1776	1.35	2.01	-58.98	10.602	45.676	1	-1
1777	1.35	2.01	-58.98	10.602	44.96	1	-1
1778	1.35	2.01	-58.98	10.602	46.442	1	-1
1779	1.35	2.01	-58.98	10.602	46.077	1	-1
1780	1.35	26.98	-58.98	10.602	37.719	1	-1
1781	1.35	26.98	-58.98	10.602	37.976	1	-1
1782	1.35	26.98	-58.98	10.602	37.217	1	-1
1783	1.35	1.01	-58.98	10.602	47.43	1	-1
1784	1.35	1.01	-58.98	10.602	50.404	1	-1
1785	1.35	1.01	-58.98	10.602	48.628	1	-1
1786	1.35	1.01	-58.98	10.602	51.235	1	-1
1787	1.35	1.01	-58.98	10.602	50.074	1	-1
1788	1.35	1.01	-58.98	10.602	49.444	1	-1
1789	1.35	2.01	-58.98	10.602	46.91	1	-1
1790	1.35	2.01	-58.98	10.602	50.394	1	-1
1791	1.35	2.01	-58.98	10.602	46.998	1	-1
1792	1.35	2.01	-58.98	10.602	45.057	1	-1
1793	1.35	2.01	-58.98	10.602	45.887	1	-1
1794	1.35	2.01	-58.98	10.602	45.586	1	-1
1795	1.35	2.01	-58.98	10.602	48.641	1	-1
1796	1.35	2.01	-58.98	10.602	49.776	1	-1
1797	1.35	2.01	-58.98	10.602	46.586	1	-1
1798	1.35	26.98	-58.98	10.602	38.902	1	-1
1799	1.35	1.01	-58.98	10.602	45.373	1	-1
1800	1.35	1.01	-58.98	10.602	46.176	1	-1
1801	1.35	1.01	-58.98	10.602	47.834	1	-1
1802	1.35	1.01	-58.98	10.602	50.351	1	-1
1803	1.18	12.01	-58.98	10.602	52.707	1	-1
1804	1.18	2.01	-58.98	10.602	49.876	1	-1
1805	1.18	2.01	-58.98	10.602	51.061	1	-1
1806	1.18	2.01	-58.98	10.602	50.111	1	-1
1807	1.18	2.01	-58.98	10.602	47.4	1	-1
1808	1.18	2.01	-58.98	10.602	47.34	1	-1
1809	1.18	26.98	-58.98	10.602	37.854	1	-1
1810	1.18	1.01	-58.98	10.602	37.368	1	-1
1811	1.18	1.01	-58.98	10.602	38.413	1	-1
1812	1.18	1.01	-58.98	10.602	37.904	1	-1
1813	1.18	1.01	-58.98	10.602	36.811	1	-1
1814	1.18	26.98	-58.98	10.602	36.242	1	-1
1815	1.18	2.01	-58.98	10.602	37.8	1	-1
1820	1.18	2.01	-58.98	10.602	49.648	1	-1
1821	1.18	2.01	-58.98	10.602	50.538	1	-1
1822	1.18	2.01	-58.98	10.602	48.992	1	-1
1823	1.18	1.01	-58.98	10.602	44.601	1	-1
1824	1.18	1.01	-58.98	10.602	51.002	1	-1
1825	1.18	1.01	-58.98	10.602	49.442	1	-1
1826	1.18	1.01	-58.98	10.602	42.502	1	-1
1827	1.18	1.01	-58.98	10.602	41.733	1	-1
1828	1.18	26.98	-58.98	10.602	39.51	1	-1
1829	1.18	2.01	-58.98	10.602	54.201	1	-1
1830	1.18	2.01	-58.98	10.602	47.11	1	-1
1831	1.18	2.01	-58.98	10.602	43.628	1	-1
1832	1.18	26.98	-58.98	10.602	34.265	1	-1
1833	1.18	1.01	-58.98	10.602	43.831	1	-1
1834	1.18	1.01	-58.98	10.602	41.928	1	-1
1835	1.18	2.01	-58.98	10.602	41.746	1	-1
1836	1.18	2.01	-58.98	10.602	58.954	1	-1
1837	1.18	1.01	-58.98	10.602	57.025	1	-1
1838	1.18	1.01	-58.98	10.602	46.132	1	-1
1839	1.18	1.01	-58.98	10.602	57.211	1	-1
1840	1.18	1.01	-58.98	10.602	57.721	1	-1
1841	1.18	26.98	-58.98	10.602	38.682	1	-1
1842	1.18	26.98	-58.98	10.602	39.104	1	-1
1844	1.18	1.01	-58.98	10.602	41.533	1	-1
1845	1.18	1.01	-58.98	10.602	44.492	1	-1
1846	1.18	1.01	-58.98	10.602	58.631	1	-1
1847	1.18	1.01	-58.98	10.602	36.275	1	-1
1848	1.05	26.98	-58.98	10.602	39	1	-1
1849	1.05	2.01	-58.98	10.602	39.951	1	-1
1850	1.05	2.01	-58.98	10.602	43.153	1	-1
1851	1.05	1.01	-58.98	10.602	48.338	1	-1
1852	1.05	1.01	-58.98	10.602	45.265	1	-1
1853	1.05	26.98	-58.98	10.602	34.361	1	-1
1854	1.05	2.01	-58.98	10.602	33.628	1	-1
1855	1.05	2.01	-58.98	10.602	36.658	1	-1
1856	1.05	2.01	-58.98	10.602	50.158	1	-1
1857	1.05	26.98	-58.98	10.602	38.311	1	-1
1858	1.05	1.01	-58.98	10.602	56.329	1	-1
1859	1.05	1.01	-58.98	10.602	58.006	1	-1
1860	1.05	1.01	-58.98	10.602	57.599	1	-1
1861	1.05	12.01	-58.98	10.602	57.996	1	-1
1862	1.2	2.01	-58.98	10.602	56.981	-1	1
1863	1.2	2.01	-58.98	10.602	56.578	-1	1
1864	1.2	2.01	-58.98	10.602	47.055	-1	1
1865	1.2	2.01	-58.98	10.602	39.401	-1	1
1866	1.2	26.98	-58.98	10.602	37.903	-1	1
1867	1.2	1.01	-58.98	10.602	38.679	-1	1
1868	1.2	1.01	-58.98	10.602	33.515	-1	1
1869	1.2	1.01	-58.98	10.602	39.766	-1	1
1870	1.2	1.01	-58.98	10.602	34.136	-1	1
1872	1.2	1.01	-58.98	10.602	40.895	-1	1
1873	1.2	26.98	-58.98	10.602	37.344	-1	1
1874	1.2	2.01	-58.98	10.602	38.191	-1	1
1875	1.2	2.01	-58.98	10.602	39.485	-1	1
1876	1.2	2.01	-58.98	10.602	55.491	-1	1
1877	1.2	2.01	-58.98	10.602	65.231	-1	1
1878	1.2	2.01	-58.98	10.602	58.13	-1	1
1925	1.2	2.01	-58.98	10.602	56.175	-1	1
1926	1.2	1.01	-58.98	10.602	63.589	-1	1
1927	1.2	1.01	-58.98	10.602	58.691	-1	1
1928	1.2	1.01	-58.98	10.602	54.747	-1	1
1929	1.2	26.98	-58.98	10.602	40.006	-1	1
1930	1.2	1.01	-58.98	10.602	58.208	-1	1
1931	1.2	1.01	-58.98	10.602	52.575	-1	1
1932	1.2	26.98	-58.98	10.602	39.77	-1	1
1934	1.2	2.01	-58.98	10.602	56.796	-1	1
1935	1.2	2.01	-58.98	10.602	54.107	-1	1
1936	1.2	2.01	-58.98	10.602	57.083	-1	1
1937	1.2	26.98	-58.98	10.602	39.054	-1	1
1938	1.2	1.01	-58.98	10.602	49.817	-1	1
1939	1.2	1.01	-58.98	10.602	51.829	-1	1
1940	1.2	1.01	-58.98	10.602	55.007	-1	1
1941	1.2	26.98	-58.98	10.602	39.864	-1	1
1943	1.05	2.01	-58.98	10.602	62.907	-1	1
1944	1.05	2.01	-58.98	10.602	63.031	-1	1
1945	1.05	2.01	-58.98	10.602	58.03	-1	1
1947	1.05	26.98	-58.98	10.602	37.65	-1	1
1948	1.05	26.98	-58.98	10.602	38.743	-1	1
1949	1.05	26.98	-58.98	10.602	39.698	-1	1
1951	1.05	1.01	-58.98	10.602	61.22	-1	1
1952	1.05	1.01	-58.98	10.602	56.812	-1	1
1953	1.05	1.01	-58.98	10.602	59.579	-1	1
1954	1.05	1.01	-58.98	10.602	58.142	-1	1
1955	1.05	1.01	-58.98	10.602	55.449	-1	1
1956	1.05	1.01	-58.98	10.602	42.641	-1	1
1957	1.05	1.01	-58.98	10.602	50.222	-1	1
1958	1.05	1.01	-58.98	10.602	49.098	-1	1
1959	1.05	1.01	-58.98	10.602	48.92	-1	1
1960	1.05	1.01	-58.98	10.602	46.899	-1	1
1961	1.05	1.01	-58.98	10.602	44.597	-1	1
1963	1.05	1.01	-58.98	10.602	63.04	-1	1
1967	1.05	2.01	-58.98	10.602	61.724	-1	1
1968	1.05	2.01	-58.98	10.602	58.815	-1	1
1969	1.05	2.01	-58.98	10.602	41.68	-1	1
1972	1.05	2.01	-58.98	10.602	56.265	-1	1
1973	1.05	2.01	-58.98	10.602	54.788	-1	1
1974	1.05	2.01	-58.98	10.602	60.676	-1	1
1975	1.05	2.01	-58.98	10.602	48.183	-1	1
1976	1.05	26.98	-58.98	10.602	39.817	-1	1
1977	1.05	26.98	-58.98	10.602	39.025	-1	1
1978	1.05	26.98	-58.98	10.602	39.679	-1	1
1979	1.05	2.01	-58.98	10.602	55.331	-1	1
1980	1.05	2.01	-58.98	10.602	59.886	-1	1
1981	1.05	2.01	-58.98	10.602	59.733	-1	1
1982	1.05	26.98	-58.98	10.602	39.483	-1	1
1983	1.05	1.01	-58.98	10.602	60.2	-1	1
1984	1.05	12.01	-58.98	10.602	60.939	-1	1
1987	1.2	1.01	-58.98	10.602	56.514	-1	1
1988	1.2	1.01	-58.98	10.602	51.684	-1	1
1989	1.2	1.01	-58.98	10.602	47.544	-1	1
1990	1.2	1.01	-58.98	10.602	44.734	-1	1
1991	1.2	26.98	-58.98	10.602	35.55	-1	1
1992	1.2	2.01	-58.98	10.602	55.421	-1	1
1993	1.2	2.01	-58.98	10.602	54.859	-1	1
1994	1.2	2.01	-58.98	10.602	55.416	-1	1
1995	1.2	2.01	-58.98	10.602	51.612	-1	1
1996	1.2	2.01	-58.98	10.602	55.143	-1	1
1997	1.2	2.01	-58.98	10.602	57.814	-1	1
1998	1.2	26.98	-58.98	10.602	39.37	-1	1
1999	1.2	26.98	-58.98	10.602	39.511	-1	1
2000	1.2	1.01	-58.98	10.602	45.581	-1	1
2001	1.2	1.01	-58.98	10.602	53.872	-1	1
2002	1.2	1.01	-58.98	10.602	57.171	-1	1
2003	1.2	1.01	-58.98	10.602	56.555	-1	1
2038	2	2.01	-15	10.602	0	5	-1
2040	2	2.01	-15	10.602	9.993	17	-1
2041	2	2.01	-15	10.602	5.1	9	-1
2042	2	2.01	-15	10.602	24.068	65	-1
2043	2	2.01	-15	10.602	38.362	65	-1
2044	2	2.01	-15	10.602	46.296	129	-1
2045	2	12.01	-15	10.602	0	1	-1
2046	2	12.01	-15	10.602	5.096	2	-1
2047	2	12.01	-15	10.602	9.932	5	-1
2048	2	12.01	-15	10.602	24.116	9	-1
2049	2	12.01	-15	10.602	48.383	17	-1
2050	2	12.01	-15	10.602	55.167	33	-1
2051	2	1.01	-15	10.602	0	3	-1
2052	2	1.01	-15	10.602	24.157	17	-1
2053	2	1.01	-15	10.602	46.565	65	-1
2054	2	1.01	-15	10.602	56.888	65	-1
2055	2	26.98	-15	10.602	9.919	3	-1
2056	2	26.98	-15	10.602	36.274	9	-1
2059	4.4	1.01	-24.995	10.602	68.764	1	-1
2060	4.4	2.01	-24.995	10.602	69.443	1	-1
2061	4.4	2.01	-24.995	10.602	74.211	1	-1
2063	4.4	2.01	-24.995	10.602	47.068	1	-1
2073	4.4	2.01	-24.99	10.602	77.965	1	-1
2074	4.4	2.01	-24.99	10.602	67.102	1	-1
2075	4.4	1.01	-24.99	10.602	76.18	1	-1
2076	4.4	1.01	-24.99	10.602	67.689	1	-1
2078	4.4	1.01	-24.99	10.602	9.956	1	-1
2080	4.4	1.01	-24.99	10.602	9.997	1	-1
2081	4.4	1.01	-24.99	10.602	19.576	1	-1
2082	4.4	1.01	-24.99	10.602	34.018	1	-1
2083	4.4	1.01	-24.99	10.602	34.631	1	-1
2084	4.4	1.01	-24.99	10.602	42.916	1	-1
2085	4.4	1.01	-24.99	10.602	52.201	1	-1
2087	4.4	2.01	-24.99	10.602	50.735	1	-1
2088	4.4	2.01	-24.99	10.602	40.922	1	-1
2089	4.4	2.01	-24.99	10.602	33.557	1	-1
2090	4.4	2.01	-24.99	10.602	19.764	1	-1
2091	4.4	2.01	-24.99	10.602	10.236	1	-1
2093	4.4	12.01	-24.99	10.602	52.936	1	-1
2094	4.4	12.01	-24.99	10.602	48.889	1	-1
2095	4.4	12.01	-24.99	10.602	34.053	1	-1
2096	4.4	26.98	-24.99	10.602	38.303	1	-1
