  10.60200   3.10342  21.02078   4.37930  10.57247   7.49858   0.51210 2.61588e-04   0.31122   0.84099   0.00987
  10.60200   3.13627  21.02078   4.42566  10.46447   7.46573   0.51658 2.61066e-04   0.31590   0.84581   0.00997
  10.60200   3.16913  21.02078   4.47201  10.35646   7.43287   0.52102 2.60520e-04   0.32062   0.83293   0.00994
  10.60200   3.20198  21.02078   4.51837  10.24846   7.40002   0.52544 2.59950e-04   0.32538   0.83161   0.00992
  10.60200   3.23483  21.02078   4.56473  10.14045   7.36717   0.52984 2.59356e-04   0.33018   0.82568   0.00987
  10.60200   3.26768  21.02078   4.61109  10.03245   7.33432   0.53421 2.58736e-04   0.33503   0.84328   0.01009
  10.60200   3.30053  21.02078   4.65744   9.92444   7.30147   0.53856 2.58089e-04   0.33992   0.83208   0.01002
  10.60200   3.33339  21.02078   4.70380   9.81643   7.26861   0.54287 2.57416e-04   0.34486   0.82353   0.01002
  10.60200   3.36624  21.02078   4.75016   9.70842   7.23576   0.54717 2.56716e-04   0.34984   0.82273   0.01003
  10.60200   3.39909  21.02078   4.79652   9.60041   7.20291   0.55143 2.55987e-04   0.35486   0.82703   0.01011
  10.60200   3.43194  21.02078   4.84288   9.49241   7.17006   0.55567 2.55229e-04   0.35993   0.82519   0.01020
  10.60200   3.46480  21.02078   4.88924   9.38439   7.13720   0.55989 2.54442e-04   0.36505   0.82150   0.01023
  10.60200   3.49765  21.02078   4.93560   9.27638   7.10435   0.56408 2.53624e-04   0.37022   0.81326   0.01014
  10.60200   3.53050  21.02078   4.98196   9.16837   7.07150   0.56824 2.52775e-04   0.37543   0.83082   0.01046
  10.60200   3.56336  21.02078   5.02832   9.06036   7.03864   0.57238 2.51894e-04   0.38069   0.81758   0.01033
  10.60200   3.75962  21.02078   5.30527   8.41511   6.84238   0.59654 2.45918e-04   0.41318   0.80978   0.00718
  10.60200   3.79942  21.02078   5.36144   8.28426   6.80258   0.60132 2.44547e-04   0.42000   0.81265   0.00721
  10.60200   3.83922  21.02078   5.41760   8.15341   6.76278   0.60607 2.43119e-04   0.42690   0.80094   0.00715
  10.60200   3.87902  21.02078   5.47376   8.02256   6.72298   0.61077 2.41631e-04   0.43388   0.79723   0.00712
  10.60200   3.91882  21.02078   5.52993   7.89171   6.68318   0.61544 2.40083e-04   0.44094   0.80016   0.00719
  10.60200   3.95863  21.02078   5.58609   7.76085   6.64337   0.62007 2.38472e-04   0.44808   0.79866   0.00722
  10.60200   3.99843  21.02078   5.64225   7.63000   6.60357   0.62465 2.36796e-04   0.45532   0.78682   0.00713
  10.60200   4.03823  21.02078   5.69842   7.49915   6.56377   0.62920 2.35055e-04   0.46264   0.79280   0.00724
  10.60200   4.07803  21.02078   5.75458   7.36829   6.52397   0.63371 2.33245e-04   0.47005   0.78870   0.00721
  10.60200   4.11783  21.02078   5.81075   7.23743   6.48417   0.63819 2.31365e-04   0.47755   0.78653   0.00724
  10.60200   4.15764  21.02078   5.86692   7.10658   6.44436   0.64262 2.29412e-04   0.48514   0.77456   0.00718
  10.60200   4.19744  21.02078   5.92308   6.97572   6.40456   0.64701 2.27385e-04   0.49283   0.77901   0.00728
  10.60200   4.23724  21.02078   5.97925   6.84485   6.36476   0.65136 2.25282e-04   0.50062   0.77950   0.00733
  10.60200   4.27705  21.02078   6.03542   6.71399   6.32495   0.65568 2.23100e-04   0.50850   0.77878   0.00739
  10.60200   4.31685  21.02078   6.09159   6.58313   6.28515   0.65995 2.20837e-04   0.51648   0.77208   0.00736
  10.60200   4.22617  21.02078   5.96363   6.88125   6.37583   0.65016 2.25875e-04   0.49844   0.77865   0.00699
  10.60200   4.27091  21.02078   6.02676   6.73416   6.33109   0.65502 2.23442e-04   0.50728   0.77257   0.00698
  10.60200   4.31565  21.02078   6.08990   6.58707   6.28635   0.65982 2.20907e-04   0.51624   0.77367   0.00708
  10.60200   4.36040  21.02078   6.15303   6.43997   6.24160   0.66458 2.18267e-04   0.52533   0.76999   0.00712
  10.60200   4.40514  21.02078   6.21617   6.29287   6.19686   0.66930 2.15518e-04   0.53455   0.76065   0.00709
  10.60200   4.44988  21.02078   6.27931   6.14578   6.15212   0.67396 2.12658e-04   0.54391   0.76581   0.00723
  10.60200   4.49462  21.02078   6.34245   5.99867   6.10738   0.67857 2.09683e-04   0.55341   0.76466   0.00735
  10.60200   4.53937  21.02078   6.40558   5.85157   6.06263   0.68313 2.06589e-04   0.56304   0.75278   0.00733
  10.60200   4.58411  21.02078   6.46872   5.70447   6.01789   0.68764 2.03373e-04   0.57282   0.75701   0.00747
  10.60200   4.62885  21.02078   6.53186   5.55737   5.97315   0.69211 2.00030e-04   0.58274   0.74501   0.00748
  10.60200   4.67360  21.02078   6.59500   5.41026   5.92840   0.69652 1.96557e-04   0.59281   0.74538   0.00761
  10.60200   4.71834  21.02078   6.65814   5.26315   5.88366   0.70089 1.92950e-04   0.60304   0.73906   0.00773
  10.60200   4.76309  21.02078   6.72129   5.11604   5.83891   0.70521 1.89205e-04   0.61343   0.74398   0.00797
  10.60200   4.80784  21.02078   6.78443   4.96894   5.79416   0.70948 1.85317e-04   0.62397   0.73224   0.00795
  10.60200   4.85258  21.02078   6.84757   4.82182   5.74942   0.71370 1.81282e-04   0.63468   0.73726   0.00826
  10.60200   4.78131  21.02078   6.74700   5.05613   5.82069   0.70695 1.87639e-04   0.61770   0.73195   0.00629
  10.60200   4.83193  21.02078   6.81843   4.88971   5.77007   0.71175 1.83163e-04   0.62972   0.73603   0.00641
  10.60200   4.88256  21.02078   6.88986   4.72328   5.71944   0.71649 1.78495e-04   0.64195   0.73225   0.00647
  10.60200   4.93318  21.02078   6.96130   4.55686   5.66882   0.72117 1.73631e-04   0.65439   0.73193   0.00660
  10.60200   4.98380  21.02078   7.03273   4.39042   5.61820   0.72579 1.68562e-04   0.66706   0.73334   0.00672
  10.60200   5.03442  21.02078   7.10417   4.22399   5.56758   0.73035 1.63282e-04   0.67997   0.72276   0.00675
  10.60200   5.08505  21.02078   7.17560   4.05756   5.51695   0.73484 1.57784e-04   0.69311   0.72884   0.00697
  10.60200   5.13567  21.02078   7.24704   3.89113   5.46633   0.73927 1.52061e-04   0.70649   0.71581   0.00704
  10.60200   5.18630  21.02078   7.31848   3.72469   5.41570   0.74365 1.46105e-04   0.72012   0.72241   0.00732
  10.60200   5.23692  21.02078   7.38992   3.55825   5.36508   0.74796 1.39908e-04   0.73401   0.72947   0.00757
  10.60200   5.28755  21.02078   7.46135   3.39181   5.31445   0.75221 1.33463e-04   0.74817   0.73281   0.00793
  10.60200   5.33817  21.02078   7.53279   3.22537   5.26383   0.75640 1.26762e-04   0.76260   0.75202   0.00843
  10.60200   5.38880  21.02078   7.60424   3.05892   5.21320   0.76053 1.19796e-04   0.77731   0.72414   0.00850
  10.60200   5.43943  21.02078   7.67568   2.89248   5.16257   0.76460 1.12557e-04   0.79230   0.61985   0.00757
  10.60200   5.49006  21.02078   7.74712   2.72603   5.11194   0.76861 1.05036e-04   0.80760   0.73945   0.00947
  10.60200   5.38362  21.02078   7.59692   3.07597   5.21838   0.76011 1.20522e-04   0.77579   0.74256   0.00607
  10.60200   5.44062  21.02078   7.67735   2.88857   5.16138   0.76469 1.12384e-04   0.79266   0.61926   0.00516
  10.60200   5.49762  21.02078   7.75779   2.70116   5.10438   0.76921 1.03888e-04   0.80991   0.75896   0.00656
  10.60200   5.55462  21.02078   7.83823   2.51376   5.04738   0.77364 9.50219e-05   0.82755   0.85342   0.00774
  10.60200   5.61162  21.02078   7.91867   2.32635   4.99038   0.77800 8.57724e-05   0.84559   0.67808   0.00640
  10.60200   5.66863  21.02078   7.99911   2.13894   4.93337   0.78229 7.61263e-05   0.86405   0.71109   0.00709
  10.60200   5.72563  21.02078   8.07955   1.95153   4.87637   0.78651 6.60696e-05   0.88294   0.82642   0.00878
  10.60200   5.78264  21.02078   8.15999   1.76411   4.81936   0.79065 5.55883e-05   0.90228   0.89671   0.01037
  10.60200   5.83964  21.02078   8.24043   1.57670   4.76236   0.79472 4.46680e-05   0.92208   0.95457   0.01207
  10.60200   5.89665  21.02078   8.32087   1.38928   4.70535   0.79871 3.32941e-05   0.94236   1.28071   0.01800
  10.60200   5.95366  21.02078   8.40132   1.20186   4.64834   0.80264 2.14512e-05   0.96314  19.60406   0.31484
  10.60200   2.40187  21.00922   3.38564  12.88263   8.20013   0.41077 2.68519e-04   0.22002   0.88323   0.02653
  10.60200   2.42841  21.00922   3.42305  12.79541   8.17359   0.41480 2.68404e-04   0.22317   0.85977   0.02583
  10.60200   2.45495  21.00922   3.46046  12.70820   8.14705   0.41881 2.68281e-04   0.22635   0.85787   0.02584
  10.60200   2.48149  21.00922   3.49787  12.62099   8.12051   0.42282 2.68148e-04   0.22954   0.87103   0.02627
  10.60200   2.50803  21.00922   3.53528  12.53377   8.09397   0.42680 2.68007e-04   0.23276   0.87335   0.02640
  10.60200   2.53457  21.00922   3.57269  12.44656   8.06743   0.43077 2.67857e-04   0.23599   0.90658   0.02746
  10.60200   2.56111  21.00922   3.61010  12.35935   8.04089   0.43473 2.67698e-04   0.23925   0.87950   0.02669
  10.60200   2.58765  21.00922   3.64751  12.27213   8.01435   0.43867 2.67529e-04   0.24253   0.85395   0.02594
  10.60200   2.61419  21.00922   3.68492  12.18492   7.98781   0.44259 2.67350e-04   0.24583   0.86742   0.02642
  10.60200   2.64073  21.00922   3.72233  12.09770   7.96127   0.44650 2.67162e-04   0.24916   0.89428   0.02735
  10.60200   2.66727  21.00922   3.75974  12.01049   7.93473   0.45040 2.66963e-04   0.25250   0.87568   0.02687
  10.60200   2.69381  21.00922   3.79715  11.92328   7.90819   0.45428 2.66754e-04   0.25587   0.86866   0.02680
  10.60200   2.72035  21.00922   3.83456  11.83606   7.88165   0.45814 2.66534e-04   0.25926   0.89856   0.02787
  10.60200   2.74689  21.00922   3.87197  11.74885   7.85511   0.46199 2.66304e-04   0.26268   0.85747   0.02670
  10.60200   2.77343  21.00922   3.90938  11.66164   7.82857   0.46582 2.66062e-04   0.26611   0.84895   0.02656
  10.60200   2.79997  21.00922   3.94679  11.57442   7.80203   0.46964 2.65809e-04   0.26957   0.87223   0.02726
  10.60200   2.82651  21.00922   3.98420  11.48721   7.77549   0.47344 2.65544e-04   0.27306   0.86212   0.02719
  10.60200   2.85305  21.00922   4.02161  11.39999   7.74895   0.47722 2.65267e-04   0.27657   0.88614   0.02806
  10.60200   2.87959  21.00922   4.05902  11.31278   7.72241   0.48099 2.64978e-04   0.28010   0.85623   0.02715
  10.60200   2.90613  21.00922   4.09643  11.22557   7.69587   0.48475 2.64677e-04   0.28365   0.84918   0.02707
  10.60200   2.93267  21.00922   4.13384  11.13835   7.66933   0.48848 2.64362e-04   0.28724   0.85555   0.02737
  10.60200   2.95921  21.00922   4.17125  11.05114   7.64279   0.49220 2.64035e-04   0.29084   0.84867   0.02743
  10.60200   2.98575  21.00922   4.20866  10.96392   7.61625   0.49591 2.63695e-04   0.29447   0.85815   0.02772
  10.60200   3.01229  21.00922   4.24607  10.87671   7.58971   0.49959 2.63341e-04   0.29813   0.85222   0.02781
  10.60200   3.03883  21.00922   4.28348  10.78950   7.56317   0.50327 2.62973e-04   0.30181   0.83735   0.02740
  10.60200   3.06537  21.00922   4.32089  10.70228   7.53663   0.50692 2.62590e-04   0.30552   0.85210   0.02815
  10.60200   3.09191  21.00922   4.35830  10.61507   7.51009   0.51056 2.62194e-04   0.30925   0.84126   0.02790
  10.60200   3.11845  21.00922   4.39571  10.52786   7.48355   0.51418 2.61782e-04   0.31301   0.80830   0.02705
  10.60200   3.14499  21.00922   4.43312  10.44064   7.45701   0.51779 2.61355e-04   0.31680   0.83543   0.02808
  10.60200   3.17153  21.00922   4.47054  10.35343   7.43047   0.52138 2.60913e-04   0.32062   0.82703   0.02803
  10.60200   3.19807  21.00922   4.50795  10.26621   7.40393   0.52495 2.60455e-04   0.32446   0.83820   0.02841
  10.60200   3.22461  21.00922   4.54536  10.17900   7.37739   0.52851 2.59981e-04   0.32833   0.81148   0.02776
  10.60200   2.93582  21.00922   4.13828  11.12800   7.66618   0.48892 2.64324e-04   0.28766   0.85909   0.01676
  10.60200   2.96826  21.00922   4.18401  11.02140   7.63374   0.49347 2.63921e-04   0.29208   0.85103   0.01664
  10.60200   3.00070  21.00922   4.22974  10.91480   7.60130   0.49799 2.63497e-04   0.29653   0.85445   0.01678
  10.60200   3.03314  21.00922   4.27546  10.80820   7.56886   0.50248 2.63053e-04   0.30102   0.85844   0.01690
  10.60200   3.06558  21.00922   4.32119  10.70159   7.53642   0.50695 2.62587e-04   0.30555   0.84417   0.01662
  10.60200   3.09802  21.00922   4.36692  10.59499   7.50398   0.51140 2.62100e-04   0.31012   0.84545   0.01670
  10.60200   3.13046  21.00922   4.41264  10.48839   7.47154   0.51582 2.61591e-04   0.31472   0.86156   0.01708
  10.60200   3.16290  21.00922   4.45837  10.38179   7.43910   0.52021 2.61059e-04   0.31937   0.84604   0.01678
  10.60200   3.19534  21.00922   4.50410  10.27519   7.40666   0.52458 2.60503e-04   0.32406   0.84458   0.01680
  10.60200   3.22778  21.00922   4.54982  10.16858   7.37422   0.52893 2.59923e-04   0.32879   0.84243   0.01690
  10.60200   3.26022  21.00922   4.59555  10.06198   7.34178   0.53325 2.59319e-04   0.33356   0.83669   0.01685
  10.60200   3.29266  21.00922   4.64128   9.95538   7.30934   0.53755 2.58689e-04   0.33838   0.83513   0.01684
  10.60200   3.32510  21.00922   4.68701   9.84878   7.27690   0.54182 2.58034e-04   0.34323   0.82625   0.01679
  10.60200   3.35754  21.00922   4.73273   9.74218   7.24446   0.54606 2.57351e-04   0.34813   0.82375   0.01686
  10.60200   3.38998  21.00922   4.77846   9.63557   7.21202   0.55028 2.56642e-04   0.35308   0.83730   0.01722
  10.60200   3.42242  21.00922   4.82419   9.52897   7.17958   0.55448 2.55904e-04   0.35807   0.83581   0.01729
  10.60200   3.45486  21.00922   4.86991   9.42237   7.14714   0.55865 2.55138e-04   0.36310   0.83522   0.01737
  10.60200   3.48730  21.00922   4.91564   9.31577   7.11470   0.56279 2.54342e-04   0.36818   0.80119   0.01676
  10.60200   3.51974  21.00922   4.96137   9.20916   7.08226   0.56691 2.53516e-04   0.37331   0.83437   0.01756
  10.60200   3.55218  21.00922   5.00709   9.10256   7.04982   0.57101 2.52659e-04   0.37849   0.80807   0.01707
  10.60200   3.58462  21.00922   5.05282   8.99596   7.01738   0.57507 2.51771e-04   0.38371   0.81385   0.01730
  10.60200   3.61706  21.00922   5.09855   8.88936   6.98494   0.57911 2.50849e-04   0.38898   0.80597   0.01725
  10.60200   3.64950  21.00922   5.14427   8.78276   6.95250   0.58313 2.49895e-04   0.39430   0.82030   0.01777
  10.60200   3.68194  21.00922   5.19000   8.67616   6.92006   0.58712 2.48907e-04   0.39967   0.81327   0.01780
  10.60200   3.71438  21.00922   5.23573   8.56955   6.88762   0.59109 2.47883e-04   0.40509   0.80100   0.01754
  10.60200   3.74682  21.00922   5.28145   8.46295   6.85518   0.59502 2.46824e-04   0.41056   0.80519   0.01781
  10.60200   3.77926  21.00922   5.32718   8.35635   6.82274   0.59894 2.45728e-04   0.41608   0.80662   0.01789
  10.60200   3.81170  21.00922   5.37291   8.24975   6.79030   0.60282 2.44595e-04   0.42166   0.78678   0.01758
  10.60200   3.84414  21.00922   5.41864   8.14315   6.75786   0.60669 2.43423e-04   0.42729   0.79608   0.01809
  10.60200   3.87658  21.00922   5.46436   8.03654   6.72542   0.61052 2.42212e-04   0.43297   0.79190   0.01813
  10.60200   3.90902  21.00922   5.51009   7.92994   6.69298   0.61433 2.40960e-04   0.43871   0.78213   0.01811
  10.60200   3.94146  21.00922   5.55582   7.82334   6.66054   0.61811 2.39667e-04   0.44451   0.79064   0.01846
  10.60200   3.55846  21.00922   5.01595   9.08193   7.04354   0.57179 2.52490e-04   0.37949   0.81113   0.01374
  10.60200   3.59778  21.00922   5.07137   8.95272   7.00422   0.57672 2.51401e-04   0.38584   0.80521   0.01368
  10.60200   3.63710  21.00922   5.12680   8.82351   6.96490   0.58160 2.50264e-04   0.39226   0.80753   0.01372
  10.60200   3.67642  21.00922   5.18222   8.69429   6.92558   0.58644 2.49077e-04   0.39875   0.80326   0.01368
  10.60200   3.71574  21.00922   5.23764   8.56508   6.88626   0.59125 2.47840e-04   0.40532   0.80095   0.01366
  10.60200   3.75506  21.00922   5.29307   8.43587   6.84694   0.59602 2.46549e-04   0.41196   0.79560   0.01360
  10.60200   3.79438  21.00922   5.34849   8.30666   6.80762   0.60075 2.45205e-04   0.41868   0.79753   0.01364
  10.60200   3.83370  21.00922   5.40392   8.17745   6.76830   0.60545 2.43804e-04   0.42547   0.80095   0.01375
  10.60200   3.87302  21.00922   5.45934   8.04824   6.72898   0.61010 2.42347e-04   0.43235   0.79653   0.01375
  10.60200   3.91234  21.00922   5.51477   7.91903   6.68966   0.61472 2.40830e-04   0.43930   0.79106   0.01372
  10.60200   3.95166  21.00922   5.57019   7.78982   6.65034   0.61930 2.39252e-04   0.44634   0.78303   0.01364
  10.60200   3.99098  21.00922   5.62562   7.66061   6.61102   0.62384 2.37612e-04   0.45346   0.79144   0.01382
  10.60200   4.03030  21.00922   5.68104   7.53140   6.57170   0.62834 2.35907e-04   0.46067   0.79163   0.01392
  10.60200   4.06962  21.00922   5.73647   7.40219   6.53238   0.63280 2.34136e-04   0.46797   0.78326   0.01385
  10.60200   4.10894  21.00922   5.79189   7.27298   6.49306   0.63723 2.32298e-04   0.47535   0.78609   0.01395
  10.60200   4.14826  21.00922   5.84732   7.14377   6.45374   0.64162 2.30389e-04   0.48282   0.78304   0.01394
  10.60200   4.18758  21.00922   5.90274   7.01456   6.41442   0.64597 2.28408e-04   0.49039   0.76637   0.01376
  10.60200   4.22690  21.00922   5.95817   6.88535   6.37510   0.65028 2.26353e-04   0.49804   0.76809   0.01391
  10.60200   4.26622  21.00922   6.01359   6.75614   6.33578   0.65455 2.24221e-04   0.50580   0.76145   0.01385
  10.60200   4.30554  21.00922   6.06902   6.62693   6.29646   0.65878 2.22012e-04   0.51364   0.77424   0.01417
  10.60200   4.34486  21.00922   6.12444   6.49772   6.25714   0.66298 2.19722e-04   0.52159   0.76056   0.01402
  10.60200   4.38418  21.00922   6.17987   6.36850   6.21782   0.66714 2.17349e-04   0.52964   0.75494   0.01409
  10.60200   4.42350  21.00922   6.23529   6.23929   6.17850   0.67126 2.14892e-04   0.53779   0.75200   0.01417
  10.60200   4.46282  21.00922   6.29072   6.11008   6.13918   0.67534 2.12347e-04   0.54605   0.76330   0.01455
  10.60200   4.50214  21.00922   6.34614   5.98087   6.09986   0.67938 2.09712e-04   0.55441   0.73203   0.01411
  10.60200   4.54146  21.00922   6.40157   5.85166   6.06054   0.68339 2.06985e-04   0.56288   0.74832   0.01459
  10.60200   4.58078  21.00922   6.45699   5.72245   6.02122   0.68735 2.04163e-04   0.57146   0.75689   0.01496
  10.60200   4.62010  21.00922   6.51241   5.59324   5.98190   0.69128 2.01244e-04   0.58015   0.74203   0.01479
  10.60200   4.65942  21.00922   6.56784   5.46403   5.94258   0.69517 1.98225e-04   0.58896   0.76739   0.01561
  10.60200   4.69874  21.00922   6.62326   5.33482   5.90326   0.69903 1.95104e-04   0.59789   0.74857   0.01539
  10.60200   4.73806  21.00922   6.67869   5.20561   5.86394   0.70284 1.91877e-04   0.60694   0.73929   0.01538
  10.60200   4.77738  21.00922   6.73411   5.07640   5.82462   0.70662 1.88542e-04   0.61610   0.74829   0.01592
  10.60200   4.53677  21.00922   6.39495   5.86709   6.06523   0.68291 2.07315e-04   0.56186   0.75347   0.01458
  10.60200   4.58690  21.00922   6.46561   5.70236   6.01510   0.68797 2.03716e-04   0.57281   0.75295   0.01458
  10.60200   4.63702  21.00922   6.53627   5.53762   5.96498   0.69296 1.99957e-04   0.58393   0.74917   0.01453
  10.60200   4.68716  21.00922   6.60694   5.37289   5.91484   0.69790 1.96034e-04   0.59525   0.74623   0.01448
  10.60200   4.73729  21.00922   6.67760   5.20816   5.86471   0.70277 1.91942e-04   0.60676   0.74354   0.01443
  10.60200   4.78741  21.00922   6.74826   5.04342   5.81459   0.70758 1.87673e-04   0.61846   0.74489   0.01449
  10.60200   4.83754  21.00922   6.81892   4.87869   5.76446   0.71233 1.83223e-04   0.63037   0.74140   0.01444
  10.60200   4.88768  21.00922   6.88958   4.71396   5.71432   0.71702 1.78585e-04   0.64249   0.74415   0.01454
  10.60200   4.93781  21.00922   6.96025   4.54922   5.66419   0.72164 1.73752e-04   0.65483   0.73626   0.01441
  10.60200   4.98794  21.00922   7.03091   4.38449   5.61406   0.72621 1.68719e-04   0.66738   0.73063   0.01435
  10.60200   5.03807  21.00922   7.10157   4.21976   5.56393   0.73072 1.63478e-04   0.68016   0.73452   0.01449
  10.60200   5.08819  21.00922   7.17223   4.05502   5.51381   0.73517 1.58023e-04   0.69318   0.72961   0.01442
  10.60200   5.13832  21.00922   7.24290   3.89029   5.46368   0.73955 1.52347e-04   0.70643   0.73285   0.01457
  10.60200   5.18845  21.00922   7.31356   3.72556   5.41355   0.74388 1.46442e-04   0.71993   0.73049   0.01460
  10.60200   5.23859  21.00922   7.38422   3.56082   5.36341   0.74815 1.40301e-04   0.73368   0.73364   0.01477
  10.60200   5.28871  21.00922   7.45488   3.39609   5.31329   0.75235 1.33916e-04   0.74769   0.75593   0.01533
  10.60200   5.33885  21.00922   7.52555   3.23135   5.26315   0.75650 1.27279e-04   0.76196   0.75839   0.01550
  10.60200   5.38898  21.00922   7.59621   3.06662   5.21302   0.76059 1.20383e-04   0.77651   0.74444   0.01541
  10.60200   5.43911  21.00922   7.66687   2.90189   5.16289   0.76462 1.13219e-04   0.79135   0.63007   0.01318
  10.60200   5.48924  21.00922   7.73753   2.73715   5.11276   0.76860 1.05778e-04   0.80647   0.73181   0.01554
  10.60200   5.53937  21.00922   7.80820   2.57242   5.06263   0.77251 9.80527e-05   0.82189   0.85509   0.01846
  10.60200   5.58950  21.00922   7.87886   2.40769   5.01250   0.77637 9.00334e-05   0.83762   0.79930   0.01771
  10.60200   5.63963  21.00922   7.94952   2.24295   4.96237   0.78017 8.17114e-05   0.85367   0.58609   0.01331
  10.60200   5.68976  21.00922   8.02018   2.07822   4.91224   0.78392 7.30771e-05   0.87005   0.77414   0.01814
  10.60200   5.73988  21.00922   8.09085   1.91349   4.86212   0.78760 6.41214e-05   0.88677   0.86917   0.02120
  10.60200   5.79001  21.00922   8.16151   1.74875   4.81199   0.79123 5.48344e-05   0.90383   0.96982   0.02527
  10.60200   5.84014  21.00922   8.23217   1.58402   4.76186   0.79481 4.52064e-05   0.92125   1.01664   0.02825
  10.60200   5.89027  21.00922   8.30283   1.41928   4.71173   0.79832 3.52272e-05   0.93905   1.10329   0.03305
  10.60200   5.94040  21.00922   8.37349   1.25455   4.66160   0.80179 2.48867e-05   0.95722   6.74965   0.22668
