  10.60200   3.11409  20.99500   4.38369  10.54807   7.48791   0.51362 2.62380e-04   0.31198   0.84060   0.00988
  10.60200   3.14700  20.99500   4.43003  10.43996   7.45500   0.51810 2.61855e-04   0.31666   0.84533   0.00999
  10.60200   3.17992  20.99500   4.47636  10.33186   7.42208   0.52255 2.61305e-04   0.32140   0.83227   0.00995
  10.60200   3.21283  20.99500   4.52270  10.22376   7.38917   0.52697 2.60731e-04   0.32617   0.83100   0.00993
  10.60200   3.24575  20.99500   4.56903  10.11566   7.35625   0.53136 2.60133e-04   0.33099   0.82513   0.00989
  10.60200   3.27866  20.99500   4.61536  10.00756   7.32334   0.53573 2.59508e-04   0.33584   0.84250   0.01010
  10.60200   3.31157  20.99500   4.66169   9.89947   7.29043   0.54008 2.58857e-04   0.34075   0.83145   0.01003
  10.60200   3.34449  20.99500   4.70802   9.79138   7.25751   0.54440 2.58179e-04   0.34569   0.82286   0.01003
  10.60200   3.37740  20.99500   4.75435   9.68329   7.22460   0.54869 2.57473e-04   0.35069   0.82209   0.01004
  10.60200   3.41031  20.99500   4.80068   9.57521   7.19169   0.55296 2.56739e-04   0.35572   0.82619   0.01012
  10.60200   3.44322  20.99500   4.84701   9.46712   7.15878   0.55720 2.55975e-04   0.36081   0.82453   0.01021
  10.60200   3.47613  20.99500   4.89333   9.35904   7.12587   0.56141 2.55181e-04   0.36594   0.82056   0.01024
  10.60200   3.50903  20.99500   4.93966   9.25096   7.09297   0.56560 2.54357e-04   0.37112   0.81255   0.01015
  10.60200   3.54194  20.99500   4.98598   9.14289   7.06006   0.56976 2.53501e-04   0.37634   0.82982   0.01046
  10.60200   3.57485  20.99500   5.03230   9.03482   7.02715   0.57389 2.52613e-04   0.38162   0.81676   0.01034
  10.60200   3.77140  20.99500   5.30900   8.38927   6.83060   0.59804 2.46587e-04   0.41419   0.80899   0.00719
  10.60200   3.81126  20.99500   5.36510   8.25838   6.79074   0.60282 2.45204e-04   0.42102   0.81204   0.00723
  10.60200   3.85111  20.99500   5.42120   8.12749   6.75089   0.60756 2.43764e-04   0.42793   0.80028   0.00716
  10.60200   3.89097  20.99500   5.47731   7.99660   6.71103   0.61226 2.42263e-04   0.43493   0.79646   0.00714
  10.60200   3.93082  20.99500   5.53340   7.86572   6.67118   0.61692 2.40702e-04   0.44201   0.79886   0.00720
  10.60200   3.97067  20.99500   5.58950   7.73484   6.63133   0.62154 2.39077e-04   0.44917   0.79737   0.00723
  10.60200   4.01052  20.99500   5.64560   7.60396   6.59148   0.62613 2.37387e-04   0.45642   0.78576   0.00715
  10.60200   4.05037  20.99500   5.70169   7.47309   6.55163   0.63067 2.35630e-04   0.46376   0.79182   0.00726
  10.60200   4.09021  20.99500   5.75779   7.34222   6.51179   0.63517 2.33804e-04   0.47119   0.78777   0.00722
  10.60200   4.13006  20.99500   5.81388   7.21136   6.47194   0.63964 2.31907e-04   0.47871   0.78534   0.00725
  10.60200   4.16991  20.99500   5.86997   7.08050   6.43209   0.64406 2.29937e-04   0.48632   0.77387   0.00719
  10.60200   4.20975  20.99500   5.92605   6.94964   6.39225   0.64845 2.27892e-04   0.49403   0.77810   0.00729
  10.60200   4.24959  20.99500   5.98214   6.81879   6.35241   0.65280 2.25770e-04   0.50183   0.77873   0.00734
  10.60200   4.28943  20.99500   6.03823   6.68794   6.31257   0.65710 2.23569e-04   0.50974   0.77774   0.00741
  10.60200   4.32927  20.99500   6.09431   6.55709   6.27273   0.66137 2.21286e-04   0.51774   0.77113   0.00737
  10.60200   4.23851  20.99500   5.96654   6.85519   6.36349   0.65159 2.26369e-04   0.49965   0.77768   0.00700
  10.60200   4.28329  20.99500   6.02958   6.70811   6.31871   0.65644 2.23914e-04   0.50851   0.77170   0.00699
  10.60200   4.32808  20.99500   6.09262   6.56103   6.27392   0.66124 2.21356e-04   0.51749   0.77270   0.00709
  10.60200   4.37286  20.99500   6.15566   6.41396   6.22914   0.66599 2.18692e-04   0.52661   0.76918   0.00713
  10.60200   4.41764  20.99500   6.21870   6.26689   6.18436   0.67070 2.15919e-04   0.53585   0.75976   0.00710
  10.60200   4.46241  20.99500   6.28173   6.11983   6.13959   0.67535 2.13034e-04   0.54523   0.76476   0.00723
  10.60200   4.50719  20.99500   6.34476   5.97277   6.09481   0.67995 2.10032e-04   0.55475   0.76390   0.00736
  10.60200   4.55197  20.99500   6.40779   5.82572   6.05003   0.68450 2.06910e-04   0.56441   0.75213   0.00734
  10.60200   4.59674  20.99500   6.47082   5.67867   6.00526   0.68901 2.03665e-04   0.57421   0.75625   0.00748
  10.60200   4.64151  20.99500   6.53385   5.53163   5.96049   0.69346 2.00292e-04   0.58416   0.74391   0.00748
  10.60200   4.68628  20.99500   6.59687   5.38459   5.91572   0.69786 1.96788e-04   0.59425   0.74453   0.00762
  10.60200   4.73105  20.99500   6.65989   5.23755   5.87095   0.70222 1.93149e-04   0.60451   0.73813   0.00774
  10.60200   4.77582  20.99500   6.72292   5.09052   5.82618   0.70653 1.89370e-04   0.61491   0.74334   0.00798
  10.60200   4.82059  20.99500   6.78593   4.94350   5.78141   0.71078 1.85447e-04   0.62548   0.73150   0.00796
  10.60200   4.86535  20.99500   6.84895   4.79648   5.73665   0.71499 1.81376e-04   0.63622   0.73666   0.00827
  10.60200   4.79405  20.99500   6.74858   5.03065   5.80795   0.70827 1.87790e-04   0.61920   0.73127   0.00631
  10.60200   4.84470  20.99500   6.81987   4.86432   5.75730   0.71306 1.83273e-04   0.63125   0.73547   0.00643
  10.60200   4.89534  20.99500   6.89116   4.69800   5.70666   0.71779 1.78564e-04   0.64350   0.73151   0.00649
  10.60200   4.94598  20.99500   6.96244   4.53169   5.65602   0.72245 1.73656e-04   0.65598   0.73121   0.00663
  10.60200   4.99662  20.99500   7.03373   4.36538   5.60538   0.72705 1.68542e-04   0.66868   0.73278   0.00674
  10.60200   5.04725  20.99500   7.10501   4.19908   5.55475   0.73160 1.63216e-04   0.68162   0.72221   0.00678
  10.60200   5.09789  20.99500   7.17629   4.03278   5.50411   0.73608 1.57669e-04   0.69479   0.72840   0.00700
  10.60200   5.14852  20.99500   7.24756   3.86649   5.45348   0.74050 1.51896e-04   0.70821   0.71563   0.00707
  10.60200   5.19915  20.99500   7.31883   3.70021   5.40285   0.74485 1.45887e-04   0.72187   0.72286   0.00736
  10.60200   5.24978  20.99500   7.39010   3.53393   5.35222   0.74915 1.39636e-04   0.73580   0.73050   0.00762
  10.60200   5.30041  20.99500   7.46137   3.36766   5.30159   0.75339 1.33135e-04   0.74999   0.73437   0.00797
  10.60200   5.35103  20.99500   7.53264   3.20139   5.25097   0.75756 1.26376e-04   0.76445   0.75210   0.00847
  10.60200   5.40166  20.99500   7.60390   3.03513   5.20034   0.76168 1.19350e-04   0.77919   0.71559   0.00843
  10.60200   5.45228  20.99500   7.67516   2.86888   5.14972   0.76574 1.12048e-04   0.79423   0.61848   0.00758
  10.60200   5.50290  20.99500   7.74642   2.70263   5.09910   0.76973 1.04463e-04   0.80956   0.75825   0.00974
  10.60200   5.39647  20.99500   7.59660   3.05215   5.20553   0.76126 1.20082e-04   0.77767   0.73466   0.00603
  10.60200   5.45347  20.99500   7.67683   2.86497   5.14853   0.76583 1.11873e-04   0.79458   0.61907   0.00518
  10.60200   5.51046  20.99500   7.75706   2.67779   5.09154   0.77033 1.03305e-04   0.81188   0.77595   0.00674
  10.60200   5.56745  20.99500   7.83729   2.49062   5.03455   0.77475 9.43633e-05   0.82956   0.85028   0.00774
  10.60200   5.62444  20.99500   7.91751   2.30346   4.97756   0.77909 8.50356e-05   0.84764   0.65040   0.00616
  10.60200   5.68143  20.99500   7.99773   2.11630   4.92057   0.78336 7.53084e-05   0.86615   0.74163   0.00742
  10.60200   5.73841  20.99500   8.07795   1.92915   4.86359   0.78756 6.51678e-05   0.88509   0.83494   0.00889
  10.60200   5.79539  20.99500   8.15816   1.74201   4.80661   0.79168 5.45998e-05   0.90447   0.91862   0.01066
  10.60200   5.85237  20.99500   8.23837   1.55488   4.74963   0.79574 4.35897e-05   0.92432   0.94352   0.01196
  10.60200   5.90935  20.99500   8.31857   1.36776   4.69265   0.79972 3.21231e-05   0.94465   1.53985   0.02168
  10.60200   5.96632  20.99500   8.39878   1.18064   4.63568   0.80362 2.01845e-05   0.96548  40.43575   0.65051
  10.60200   2.40187  21.03500   3.39386  12.87441   8.20013   0.41072 2.67663e-04   0.22055   0.88331   0.02653
  10.60200   2.42841  21.03500   3.43136  12.78710   8.17359   0.41475 2.67545e-04   0.22371   0.85972   0.02582
  10.60200   2.45495  21.03500   3.46886  12.69980   8.14705   0.41877 2.67418e-04   0.22690   0.85811   0.02585
  10.60200   2.48149  21.03500   3.50636  12.61249   8.12051   0.42277 2.67282e-04   0.23010   0.87100   0.02627
  10.60200   2.50803  21.03500   3.54386  12.52519   8.09397   0.42675 2.67137e-04   0.23332   0.87340   0.02640
  10.60200   2.53457  21.03500   3.58136  12.43788   8.06743   0.43072 2.66984e-04   0.23657   0.90660   0.02746
  10.60200   2.56111  21.03500   3.61886  12.35058   8.04089   0.43468 2.66821e-04   0.23983   0.87946   0.02668
  10.60200   2.58765  21.03500   3.65637  12.26327   8.01435   0.43862 2.66648e-04   0.24312   0.85383   0.02593
  10.60200   2.61419  21.03500   3.69387  12.17597   7.98781   0.44254 2.66466e-04   0.24643   0.86738   0.02641
  10.60200   2.64073  21.03500   3.73137  12.08866   7.96127   0.44645 2.66274e-04   0.24976   0.89424   0.02735
  10.60200   2.66727  21.03500   3.76887  12.00136   7.93473   0.45034 2.66072e-04   0.25312   0.87564   0.02686
  10.60200   2.69381  21.03500   3.80637  11.91406   7.90819   0.45422 2.65859e-04   0.25649   0.86832   0.02679
  10.60200   2.72035  21.03500   3.84387  11.82675   7.88165   0.45809 2.65635e-04   0.25989   0.89815   0.02785
  10.60200   2.74689  21.03500   3.88137  11.73945   7.85511   0.46193 2.65401e-04   0.26331   0.85733   0.02669
  10.60200   2.77343  21.03500   3.91887  11.65214   7.82857   0.46577 2.65155e-04   0.26676   0.84901   0.02655
  10.60200   2.79997  21.03500   3.95637  11.56484   7.80203   0.46958 2.64898e-04   0.27023   0.87227   0.02726
  10.60200   2.82651  21.03500   3.99388  11.47753   7.77549   0.47338 2.64630e-04   0.27372   0.86207   0.02719
  10.60200   2.85305  21.03500   4.03138  11.39023   7.74895   0.47717 2.64349e-04   0.27724   0.88610   0.02805
  10.60200   2.87959  21.03500   4.06888  11.30292   7.72241   0.48093 2.64056e-04   0.28078   0.85620   0.02715
  10.60200   2.90613  21.03500   4.10638  11.21562   7.69587   0.48469 2.63751e-04   0.28434   0.84902   0.02706
  10.60200   2.93267  21.03500   4.14388  11.12831   7.66933   0.48842 2.63433e-04   0.28793   0.85543   0.02736
  10.60200   2.95921  21.03500   4.18138  11.04101   7.64279   0.49214 2.63102e-04   0.29155   0.84866   0.02742
  10.60200   2.98575  21.03500   4.21888  10.95370   7.61625   0.49584 2.62757e-04   0.29519   0.85807   0.02771
  10.60200   3.01229  21.03500   4.25638  10.86640   7.58971   0.49953 2.62399e-04   0.29885   0.85220   0.02780
  10.60200   3.03883  21.03500   4.29389  10.77909   7.56317   0.50320 2.62027e-04   0.30254   0.83728   0.02739
  10.60200   3.06537  21.03500   4.33139  10.69179   7.53663   0.50686 2.61641e-04   0.30626   0.85212   0.02815
  10.60200   3.09191  21.03500   4.36889  10.60449   7.51009   0.51050 2.61240e-04   0.31000   0.84115   0.02789
  10.60200   3.11845  21.03500   4.40639  10.51718   7.48355   0.51412 2.60824e-04   0.31377   0.80825   0.02704
  10.60200   3.14499  21.03500   4.44389  10.42988   7.45701   0.51772 2.60393e-04   0.31757   0.83552   0.02808
  10.60200   3.17153  21.03500   4.48139  10.34257   7.43047   0.52131 2.59947e-04   0.32139   0.82695   0.02802
  10.60200   3.19807  21.03500   4.51889  10.25527   7.40393   0.52488 2.59485e-04   0.32525   0.83827   0.02841
  10.60200   3.22461  21.03500   4.55639  10.16796   7.37739   0.52844 2.59006e-04   0.32912   0.81136   0.02775
  10.60200   2.93582  21.03500   4.14833  11.11795   7.66618   0.48886 2.63394e-04   0.28836   0.85895   0.01675
  10.60200   2.96826  21.03500   4.19417  11.01124   7.63374   0.49341 2.62986e-04   0.29279   0.85098   0.01664
  10.60200   3.00070  21.03500   4.24001  10.90453   7.60130   0.49792 2.62557e-04   0.29725   0.85427   0.01677
  10.60200   3.03314  21.03500   4.28585  10.79781   7.56886   0.50242 2.62108e-04   0.30175   0.85832   0.01690
  10.60200   3.06558  21.03500   4.33168  10.69110   7.53642   0.50689 2.61638e-04   0.30629   0.84417   0.01661
  10.60200   3.09802  21.03500   4.37752  10.58439   7.50398   0.51133 2.61145e-04   0.31087   0.84556   0.01670
  10.60200   3.13046  21.03500   4.42336  10.47767   7.47154   0.51575 2.60631e-04   0.31549   0.86170   0.01708
  10.60200   3.16290  21.03500   4.46920  10.37096   7.43910   0.52015 2.60094e-04   0.32015   0.84627   0.01677
  10.60200   3.19534  21.03500   4.51504  10.26425   7.40666   0.52452 2.59533e-04   0.32485   0.84470   0.01679
  10.60200   3.22778  21.03500   4.56087  10.15753   7.37422   0.52886 2.58948e-04   0.32959   0.84247   0.01690
  10.60200   3.26022  21.03500   4.60671  10.05082   7.34178   0.53318 2.58339e-04   0.33437   0.83692   0.01685
  10.60200   3.29266  21.03500   4.65255   9.94411   7.30934   0.53748 2.57704e-04   0.33920   0.83535   0.01684
  10.60200   3.32510  21.03500   4.69839   9.83740   7.27690   0.54175 2.57043e-04   0.34407   0.82626   0.01679
  10.60200   3.35754  21.03500   4.74422   9.73068   7.24446   0.54599 2.56355e-04   0.34898   0.82369   0.01686
  10.60200   3.38998  21.03500   4.79006   9.62397   7.21202   0.55021 2.55640e-04   0.35394   0.83696   0.01721
  10.60200   3.42242  21.03500   4.83590   9.51726   7.17958   0.55441 2.54897e-04   0.35894   0.83571   0.01728
  10.60200   3.45486  21.03500   4.88174   9.41054   7.14714   0.55858 2.54125e-04   0.36398   0.83529   0.01736
  10.60200   3.48730  21.03500   4.92758   9.30383   7.11470   0.56272 2.53324e-04   0.36908   0.80104   0.01675
  10.60200   3.51974  21.03500   4.97341   9.19712   7.08226   0.56684 2.52493e-04   0.37422   0.83439   0.01755
  10.60200   3.55218  21.03500   5.01925   9.09040   7.04982   0.57093 2.51630e-04   0.37940   0.80797   0.01706
  10.60200   3.58462  21.03500   5.06509   8.98369   7.01738   0.57500 2.50736e-04   0.38464   0.81373   0.01730
  10.60200   3.61706  21.03500   5.11093   8.87698   6.98494   0.57904 2.49810e-04   0.38992   0.80588   0.01724
  10.60200   3.64950  21.03500   5.15677   8.77027   6.95250   0.58305 2.48850e-04   0.39526   0.82031   0.01776
  10.60200   3.68194  21.03500   5.20260   8.66355   6.92006   0.58704 2.47856e-04   0.40064   0.81327   0.01779
  10.60200   3.71438  21.03500   5.24844   8.55684   6.88762   0.59101 2.46826e-04   0.40607   0.80108   0.01753
  10.60200   3.74682  21.03500   5.29428   8.45013   6.85518   0.59495 2.45762e-04   0.41156   0.80525   0.01780
  10.60200   3.77926  21.03500   5.34012   8.34341   6.82274   0.59886 2.44660e-04   0.41709   0.80678   0.01789
  10.60200   3.81170  21.03500   5.38596   8.23670   6.79030   0.60274 2.43521e-04   0.42268   0.78672   0.01758
  10.60200   3.84414  21.03500   5.43179   8.12999   6.75786   0.60660 2.42343e-04   0.42833   0.79636   0.01809
  10.60200   3.87658  21.03500   5.47763   8.02327   6.72542   0.61044 2.41126e-04   0.43402   0.79182   0.01812
  10.60200   3.90902  21.03500   5.52347   7.91656   6.69298   0.61425 2.39869e-04   0.43978   0.78228   0.01811
  10.60200   3.94146  21.03500   5.56931   7.80985   6.66054   0.61803 2.38570e-04   0.44559   0.79025   0.01844
  10.60200   3.55846  21.03500   5.02813   9.06975   7.04354   0.57172 2.51460e-04   0.38041   0.81101   0.01373
  10.60200   3.59778  21.03500   5.08369   8.94040   7.00422   0.57664 2.50364e-04   0.38678   0.80513   0.01367
  10.60200   3.63710  21.03500   5.13924   8.81106   6.96490   0.58152 2.49221e-04   0.39321   0.80745   0.01371
  10.60200   3.67642  21.03500   5.19480   8.68171   6.92558   0.58637 2.48027e-04   0.39972   0.80327   0.01367
  10.60200   3.71574  21.03500   5.25036   8.55237   6.88626   0.59117 2.46783e-04   0.40630   0.80101   0.01365
  10.60200   3.75506  21.03500   5.30592   8.42302   6.84694   0.59594 2.45485e-04   0.41296   0.79569   0.01360
  10.60200   3.79438  21.03500   5.36148   8.29368   6.80762   0.60067 2.44134e-04   0.41969   0.79757   0.01363
  10.60200   3.83370  21.03500   5.41704   8.16433   6.76830   0.60536 2.42726e-04   0.42650   0.80084   0.01375
  10.60200   3.87302  21.03500   5.47260   8.03499   6.72898   0.61002 2.41262e-04   0.43340   0.79635   0.01374
  10.60200   3.91234  21.03500   5.52816   7.90564   6.68966   0.61463 2.39738e-04   0.44037   0.79125   0.01371
  10.60200   3.95166  21.03500   5.58372   7.77629   6.65034   0.61921 2.38153e-04   0.44743   0.78318   0.01363
  10.60200   3.99098  21.03500   5.63928   7.64695   6.61102   0.62375 2.36505e-04   0.45457   0.79138   0.01381
  10.60200   4.03030  21.03500   5.69484   7.51761   6.57170   0.62825 2.34794e-04   0.46179   0.79127   0.01391
  10.60200   4.06962  21.03500   5.75040   7.38826   6.53238   0.63272 2.33016e-04   0.46910   0.78308   0.01384
  10.60200   4.10894  21.03500   5.80596   7.25892   6.49306   0.63714 2.31169e-04   0.47650   0.78627   0.01394
  10.60200   4.14826  21.03500   5.86152   7.12957   6.45374   0.64153 2.29253e-04   0.48399   0.78301   0.01393
  10.60200   4.18758  21.03500   5.91708   7.00022   6.41442   0.64588 2.27265e-04   0.49158   0.76644   0.01375
  10.60200   4.22690  21.03500   5.97264   6.87088   6.37510   0.65019 2.25202e-04   0.49925   0.76810   0.01390
  10.60200   4.26622  21.03500   6.02820   6.74153   6.33578   0.65446 2.23064e-04   0.50702   0.76148   0.01385
  10.60200   4.30554  21.03500   6.08375   6.61219   6.29646   0.65869 2.20847e-04   0.51489   0.77419   0.01416
  10.60200   4.34486  21.03500   6.13931   6.48284   6.25714   0.66289 2.18550e-04   0.52286   0.76039   0.01401
  10.60200   4.38418  21.03500   6.19487   6.35350   6.21782   0.66704 2.16170e-04   0.53093   0.75489   0.01408
  10.60200   4.42350  21.03500   6.25043   6.22415   6.17850   0.67116 2.13704e-04   0.53910   0.75185   0.01415
  10.60200   4.46282  21.03500   6.30599   6.09481   6.13918   0.67524 2.11152e-04   0.54737   0.76319   0.01454
  10.60200   4.50214  21.03500   6.36155   5.96546   6.09986   0.67929 2.08510e-04   0.55576   0.73219   0.01410
  10.60200   4.54146  21.03500   6.41711   5.83612   6.06054   0.68329 2.05775e-04   0.56425   0.74846   0.01458
  10.60200   4.58078  21.03500   6.47267   5.70677   6.02122   0.68726 2.02946e-04   0.57285   0.75692   0.01495
  10.60200   4.62010  21.03500   6.52823   5.57743   5.98190   0.69118 2.00020e-04   0.58156   0.74217   0.01478
  10.60200   4.65942  21.03500   6.58379   5.44808   5.94258   0.69508 1.96994e-04   0.59039   0.76741   0.01560
  10.60200   4.69874  21.03500   6.63935   5.31874   5.90326   0.69893 1.93865e-04   0.59934   0.74859   0.01538
  10.60200   4.73806  21.03500   6.69491   5.18939   5.86394   0.70274 1.90630e-04   0.60841   0.73922   0.01537
  10.60200   4.77738  21.03500   6.75047   5.06005   5.82462   0.70652 1.87288e-04   0.61760   0.74819   0.01591
  10.60200   4.53677  21.03500   6.41048   5.85156   6.06523   0.68281 2.06107e-04   0.56323   0.75365   0.01458
  10.60200   4.58689  21.03500   6.48131   5.68666   6.01511   0.68787 2.02498e-04   0.57420   0.75299   0.01458
  10.60200   4.63702  21.03500   6.55214   5.52175   5.96498   0.69286 1.98730e-04   0.58535   0.74921   0.01453
  10.60200   4.68716  21.03500   6.62298   5.35685   5.91484   0.69780 1.94797e-04   0.59669   0.74631   0.01447
  10.60200   4.73729  21.03500   6.69381   5.19194   5.86471   0.70267 1.90695e-04   0.60823   0.74352   0.01443
  10.60200   4.78741  21.03500   6.76465   5.02704   5.81459   0.70748 1.86417e-04   0.61997   0.74498   0.01449
  10.60200   4.83754  21.03500   6.83548   4.86213   5.76446   0.71223 1.81958e-04   0.63191   0.74138   0.01443
  10.60200   4.88768  21.03500   6.90632   4.69722   5.71432   0.71691 1.77310e-04   0.64405   0.74416   0.01453
  10.60200   4.93781  21.03500   6.97715   4.53232   5.66419   0.72154 1.72469e-04   0.65642   0.73607   0.01440
  10.60200   4.98794  21.03500   7.04798   4.36741   5.61406   0.72611 1.67426e-04   0.66900   0.73048   0.01434
  10.60200   5.03806  21.03500   7.11882   4.20251   5.56394   0.73061 1.62177e-04   0.68182   0.73438   0.01448
  10.60200   5.08819  21.03500   7.18965   4.03761   5.51381   0.73506 1.56713e-04   0.69486   0.72959   0.01441
  10.60200   5.13832  21.03500   7.26048   3.87270   5.46368   0.73944 1.51028e-04   0.70814   0.73299   0.01457
  10.60200   5.18845  21.03500   7.33132   3.70780   5.41355   0.74377 1.45114e-04   0.72167   0.73107   0.01460
  10.60200   5.23858  21.03500   7.40215   3.54289   5.36342   0.74804 1.38964e-04   0.73546   0.73469   0.01479
  10.60200   5.28871  21.03500   7.47299   3.37798   5.31329   0.75224 1.32571e-04   0.74950   0.75738   0.01535
  10.60200   5.33885  21.03500   7.54382   3.21308   5.26315   0.75639 1.25926e-04   0.76381   0.75815   0.01548
  10.60200   5.38898  21.03500   7.61466   3.04817   5.21302   0.76048 1.19022e-04   0.77840   0.73520   0.01521
  10.60200   5.43911  21.03500   7.68549   2.88327   5.16289   0.76451 1.11851e-04   0.79327   0.62734   0.01312
  10.60200   5.48923  21.03500   7.75632   2.71836   5.11277   0.76848 1.04403e-04   0.80843   0.74959   0.01591
  10.60200   5.53937  21.03500   7.82716   2.55346   5.06263   0.77240 9.66705e-05   0.82389   0.85875   0.01853
  10.60200   5.58950  21.03500   7.89799   2.38855   5.01250   0.77626 8.86446e-05   0.83966   0.77526   0.01717
  10.60200   5.63963  21.03500   7.96883   2.22365   4.96237   0.78006 8.03162e-05   0.85575   0.59256   0.01345
  10.60200   5.68975  21.03500   8.03966   2.05874   4.91225   0.78380 7.16761e-05   0.87217   0.78752   0.01844
  10.60200   5.73988  21.03500   8.11049   1.89384   4.86212   0.78748 6.27149e-05   0.88892   0.87080   0.02124
  10.60200   5.79001  21.03500   8.18133   1.72893   4.81199   0.79111 5.34229e-05   0.90603   0.98224   0.02558
  10.60200   5.84014  21.03500   8.25216   1.56403   4.76186   0.79469 4.37903e-05   0.92349   0.99355   0.02760
  10.60200   5.89028  21.03500   8.32299   1.39912   4.71172   0.79821 3.38070e-05   0.94133   1.24747   0.03735
  10.60200   5.94040  21.03500   8.39383   1.23422   4.66160   0.80167 2.34631e-05   0.95955   9.75592   0.32771
