      spec     ebeam        ep    thetac        xb        q2        w2      xsec      perr      stat      gerr   density       cer     model       kin       csb       acc       rad      live      pion
   0.00000  10.60200   3.49728  21.03500   0.36926   4.92311   9.28957   0.82092   0.01061   0.00877   0.01318   0.01130   0.00100   0.00227   0.00106   0.00153   0.00300   0.00501   0.00047   0.00140
   0.00000  10.60200   3.43640  21.03500   0.35975   4.83742   9.48950   0.82393   0.00999   0.00789   0.01312   0.01130   0.00100   0.00165   0.00106   0.00184   0.00300   0.00501   0.00047   0.00140
   0.00000  10.60200   3.37552  21.03500   0.35040   4.75171   9.68945   0.82541   0.00956   0.00729   0.01312   0.01130   0.00100   0.00109   0.00106   0.00221   0.00300   0.00501   0.00047   0.00140
   0.00000  10.60200   3.31464  21.03500   0.34121   4.66601   9.88941   0.83162   0.00951   0.00713   0.01321   0.01130   0.00100   0.00115   0.00106   0.00266   0.00300   0.00502   0.00047   0.00140
   0.00000  10.60200   3.25375  21.03500   0.33216   4.58030  10.08937   0.82542   0.00969   0.00725   0.01336   0.01130   0.00100   0.00140   0.00106   0.00321   0.00300   0.00502   0.00047   0.00140
   0.00000  10.60200   3.19286  21.03500   0.32327   4.49459  10.28934   0.82823   0.01001   0.00764   0.01357   0.01130   0.00100   0.00171   0.00106   0.00387   0.00300   0.00502   0.00047   0.00140
   0.00000  10.60200   4.28845  21.03500   0.50954   6.03685   6.69116   0.77584   0.00875   0.00704   0.01290   0.01130   0.00100   0.00037   0.00068   0.00016   0.00300   0.00500   0.00107   0.00140
   0.00000  10.60200   4.22761  21.03500   0.49752   5.95120   6.89098   0.78411   0.00814   0.00620   0.01319   0.01130   0.00100   0.00278   0.00068   0.00019   0.00300   0.00500   0.00107   0.00140
   0.00000  10.60200   4.16676  21.03500   0.48572   5.86555   7.09082   0.78554   0.00778   0.00562   0.01312   0.01130   0.00100   0.00241   0.00068   0.00023   0.00300   0.00500   0.00107   0.00140
   0.00000  10.60200   4.10592  21.03500   0.47414   5.77989   7.29066   0.78709   0.00756   0.00522   0.01303   0.01130   0.00100   0.00183   0.00068   0.00027   0.00300   0.00500   0.00107   0.00140
   0.00000  10.60200   4.04506  21.03500   0.46278   5.69423   7.49051   0.79010   0.00750   0.00503   0.01297   0.01130   0.00100   0.00134   0.00068   0.00031   0.00300   0.00500   0.00107   0.00140
   0.00000  10.60200   3.98421  21.03500   0.45163   5.60856   7.69037   0.79226   0.00749   0.00498   0.01293   0.01130   0.00100   0.00081   0.00068   0.00037   0.00300   0.00500   0.00107   0.00140
   0.00000  10.60200   3.92335  21.03500   0.44068   5.52289   7.89024   0.79141   0.00759   0.00505   0.01291   0.01130   0.00100   0.00035   0.00068   0.00044   0.00300   0.00500   0.00107   0.00140
   0.00000  10.60200   3.86249  21.03500   0.42992   5.43722   8.09012   0.80008   0.00772   0.00524   0.01291   0.01130   0.00100   0.00002   0.00068   0.00053   0.00300   0.00500   0.00107   0.00140
   0.00000  10.60200   4.77511  21.03500   0.61475   6.72191   5.09286   0.73969   0.01059   0.00972   0.01300   0.01130   0.00100   0.00175   0.00108   0.00005   0.00300   0.00500   0.00046   0.00140
   0.00000  10.60200   4.71429  21.03500   0.60065   6.63629   5.29262   0.74648   0.00958   0.00860   0.01295   0.01130   0.00100   0.00132   0.00108   0.00006   0.00300   0.00500   0.00046   0.00140
   0.00000  10.60200   4.65346  21.03500   0.58684   6.55067   5.49238   0.75578   0.00896   0.00783   0.01293   0.01130   0.00100   0.00105   0.00108   0.00007   0.00300   0.00500   0.00046   0.00140
   0.00000  10.60200   4.59263  21.03500   0.57330   6.46504   5.69216   0.75148   0.00852   0.00730   0.01291   0.01130   0.00100   0.00081   0.00108   0.00008   0.00300   0.00500   0.00046   0.00140
   0.00000  10.60200   4.53180  21.03500   0.56004   6.37941   5.89194   0.76103   0.00828   0.00698   0.01296   0.01130   0.00100   0.00135   0.00108   0.00009   0.00300   0.00500   0.00046   0.00140
   0.00000  10.60200   4.47097  21.03500   0.54704   6.29378   6.09173   0.76259   0.00818   0.00684   0.01295   0.01130   0.00100   0.00124   0.00108   0.00010   0.00300   0.00500   0.00046   0.00140
   0.00000  10.60200   4.41013  21.03500   0.53429   6.20814   6.29153   0.77029   0.00822   0.00686   0.01290   0.01130   0.00100   0.00066   0.00108   0.00012   0.00300   0.00500   0.00046   0.00140
   0.00000  10.60200   4.34930  21.03500   0.52180   6.12249   6.49134   0.76755   0.00836   0.00701   0.01289   0.01130   0.00100   0.00008   0.00108   0.00014   0.00300   0.00500   0.00046   0.00140
   0.00000  10.60200   5.44399  21.03500   0.79175   7.66349   2.89610   0.62950   0.01376   0.01291   0.01471   0.01130   0.00100   0.00707   0.00125   0.00002   0.00300   0.00501   0.00028   0.00140
   0.00000  10.60200   5.38319  21.03500   0.77378   7.57791   3.09577   0.70292   0.01204   0.01105   0.01311   0.01130   0.00100   0.00233   0.00125   0.00002   0.00300   0.00501   0.00028   0.00140
   0.00000  10.60200   5.32240  21.03500   0.75623   7.49233   3.29544   0.75090   0.01088   0.00972   0.01319   0.01130   0.00100   0.00278   0.00125   0.00002   0.00300   0.00500   0.00028   0.00140
   0.00000  10.60200   5.26160  21.03500   0.73908   7.40674   3.49512   0.74186   0.01000   0.00864   0.01329   0.01130   0.00100   0.00321   0.00125   0.00002   0.00300   0.00500   0.00028   0.00140
   0.00000  10.60200   5.20080  21.03500   0.72232   7.32115   3.69480   0.73537   0.00935   0.00783   0.01321   0.01130   0.00100   0.00288   0.00125   0.00002   0.00300   0.00500   0.00028   0.00140
   0.00000  10.60200   5.13999  21.03500   0.70593   7.23556   3.89450   0.73090   0.00894   0.00728   0.01309   0.01130   0.00100   0.00224   0.00125   0.00003   0.00300   0.00500   0.00028   0.00140
   0.00000  10.60200   5.07919  21.03500   0.68990   7.14996   4.09421   0.73042   0.00865   0.00692   0.01303   0.01130   0.00100   0.00184   0.00125   0.00003   0.00300   0.00500   0.00028   0.00140
   0.00000  10.60200   5.01838  21.03500   0.67421   7.06436   4.29392   0.72777   0.00852   0.00674   0.01301   0.01130   0.00100   0.00175   0.00125   0.00003   0.00300   0.00500   0.00028   0.00140
   0.00000  10.60200   4.95756  21.03500   0.65887   6.97875   4.49364   0.73474   0.00851   0.00669   0.01294   0.01130   0.00100   0.00105   0.00125   0.00004   0.00300   0.00500   0.00028   0.00140
   0.00000  10.60200   4.89675  21.03500   0.64385   6.89314   4.69337   0.72802   0.00849   0.00669   0.01293   0.01130   0.00100   0.00087   0.00125   0.00004   0.00300   0.00500   0.00028   0.00140
   0.00000  10.60200   5.94544  21.03500   0.95779   8.36938   1.24922   4.83622   0.03832   0.03817   0.02985   0.01130   0.00100   0.02207   0.00195   0.00011   0.00300   0.01613   0.00061   0.00140
   0.00000  10.60200   5.91505  21.03500   0.94671   8.32661   1.34902   1.67407   0.02959   0.02936   0.02175   0.01130   0.00100   0.01553   0.00195   0.00003   0.00300   0.00938   0.00061   0.00140
   0.00000  10.60200   5.88467  21.03500   0.93578   8.28383   1.44881   1.01536   0.02407   0.02372   0.01581   0.01130   0.00100   0.00766   0.00195   0.00002   0.00300   0.00688   0.00061   0.00140
   0.00000  10.60200   5.85428  21.03500   0.92499   8.24105   1.54861   0.98758   0.02101   0.02061   0.01375   0.01130   0.00100   0.00276   0.00195   0.00002   0.00300   0.00613   0.00061   0.00140
   0.00000  10.60200   5.82389  21.03500   0.91434   8.19828   1.64841   0.97115   0.01893   0.01850   0.01371   0.01130   0.00100   0.00340   0.00195   0.00002   0.00300   0.00571   0.00061   0.00140
   0.00000  10.60200   5.79350  21.03500   0.90382   8.15550   1.74821   0.91556   0.01734   0.01686   0.01418   0.01130   0.00100   0.00528   0.00195   0.00002   0.00300   0.00543   0.00061   0.00140
   0.00000  10.60200   5.76311  21.03500   0.89343   8.11272   1.84802   0.88183   0.01622   0.01567   0.01483   0.01130   0.00100   0.00696   0.00195   0.00002   0.00300   0.00526   0.00061   0.00140
   0.00000  10.60200   5.73272  21.03500   0.88318   8.06994   1.94783   0.85889   0.01521   0.01462   0.01596   0.01130   0.00100   0.00918   0.00195   0.00002   0.00300   0.00516   0.00061   0.00140
   0.00000  10.60200   5.70233  21.03500   0.87304   8.02716   2.04764   0.82917   0.01425   0.01359   0.01586   0.01130   0.00100   0.00904   0.00195   0.00002   0.00300   0.00511   0.00061   0.00140
   0.00000  10.60200   5.67194  21.03500   0.86304   7.98438   2.14745   0.69771   0.01295   0.01224   0.01498   0.01130   0.00100   0.00740   0.00195   0.00002   0.00300   0.00507   0.00061   0.00140
   0.00000  10.60200   5.64155  21.03500   0.85316   7.94160   2.24726   0.60070   0.01218   0.01141   0.01310   0.01130   0.00100   0.00155   0.00195   0.00002   0.00300   0.00504   0.00061   0.00140
   0.00000  10.60200   5.61116  21.03500   0.84339   7.89881   2.34708   0.69012   0.01190   0.01114   0.01314   0.01130   0.00100   0.00190   0.00195   0.00002   0.00300   0.00503   0.00061   0.00140
   0.00000  10.60200   5.58077  21.03500   0.83375   7.85603   2.44690   0.81345   0.01216   0.01137   0.01311   0.01130   0.00100   0.00169   0.00195   0.00002   0.00300   0.00503   0.00061   0.00140
   0.00000  10.60200   5.55037  21.03500   0.82422   7.81325   2.54672   0.86834   0.01230   0.01148   0.01362   0.01130   0.00100   0.00405   0.00195   0.00002   0.00300   0.00502   0.00061   0.00140
   0.00000  10.60200   5.51998  21.03500   0.81480   7.77046   2.64654   0.82577   0.01199   0.01115   0.01458   0.01130   0.00100   0.00660   0.00195   0.00002   0.00300   0.00502   0.00061   0.00140
   0.00000  10.60200   5.48958  21.03500   0.80550   7.72767   2.74636   0.72884   0.01151   0.01062   0.01450   0.01130   0.00100   0.00642   0.00195   0.00002   0.00300   0.00501   0.00061   0.00140
   1.00000  10.60200   3.19967  21.03500   0.32548   4.52115  10.25000   0.83085   0.01505   0.01385   0.01663   0.01130   0.00100   0.00419   0.00085   0.00011   0.00015   0.00502   0.01011   0.00140
   1.00000  10.60200   3.10847  21.03500   0.31235   4.39229  10.55000   0.83411   0.01249   0.01112   0.01677   0.01130   0.00100   0.00473   0.00085   0.00015   0.00014   0.00503   0.01011   0.00140
   1.00000  10.60200   3.01728  21.03500   0.29954   4.26343  10.85000   0.83911   0.01167   0.01019   0.01683   0.01130   0.00100   0.00494   0.00085   0.00019   0.00014   0.00503   0.01011   0.00140
   1.00000  10.60200   2.92608  21.03500   0.28704   4.13457  11.15000   0.86182   0.01111   0.00959   0.01645   0.01130   0.00100   0.00337   0.00085   0.00026   0.00013   0.00504   0.01011   0.00140
   1.00000  10.60200   2.83488  21.03500   0.27483   4.00570  11.45000   0.86882   0.01064   0.00906   0.01631   0.01130   0.00100   0.00260   0.00085   0.00034   0.00013   0.00506   0.01011   0.00140
   1.00000  10.60200   2.74368  21.03500   0.26290   3.87684  11.75000   0.87363   0.01024   0.00858   0.01623   0.01130   0.00100   0.00197   0.00085   0.00046   0.00012   0.00507   0.01011   0.00140
   1.00000  10.60200   2.65248  21.03500   0.25124   3.74798  12.05000   0.86999   0.00991   0.00816   0.01624   0.01130   0.00100   0.00199   0.00085   0.00061   0.00012   0.00509   0.01011   0.00140
   1.00000  10.60200   2.56129  21.03500   0.23985   3.61911  12.35000   0.87499   0.00955   0.00776   0.01634   0.01130   0.00100   0.00253   0.00085   0.00081   0.00012   0.00512   0.01011   0.00140
   1.00000  10.60200   2.47009  21.03500   0.22872   3.49025  12.65000   0.87178   0.00951   0.00782   0.01645   0.01130   0.00100   0.00305   0.00085   0.00108   0.00011   0.00516   0.01011   0.00140
   1.00000  10.60200   3.92925  21.03500   0.44339   5.55206   7.85000   0.78686   0.01296   0.01200   0.01334   0.01130   0.00100   0.00251   0.00106   0.00001   0.00021   0.00500   0.00386   0.00140
   1.00000  10.60200   3.83806  21.03500   0.42726   5.42320   8.15000   0.78722   0.01092   0.00979   0.01351   0.01130   0.00100   0.00327   0.00106   0.00002   0.00020   0.00501   0.00386   0.00140
   1.00000  10.60200   3.74686  21.03500   0.41156   5.29433   8.45000   0.80601   0.00977   0.00856   0.01348   0.01130   0.00100   0.00317   0.00106   0.00002   0.00019   0.00501   0.00386   0.00140
   1.00000  10.60200   3.65566  21.03500   0.39627   5.16547   8.75000   0.79612   0.00927   0.00801   0.01350   0.01130   0.00100   0.00322   0.00106   0.00003   0.00018   0.00501   0.00386   0.00140
   1.00000  10.60200   3.56446  21.03500   0.38138   5.03661   9.05000   0.81830   0.00896   0.00763   0.01332   0.01130   0.00100   0.00237   0.00106   0.00004   0.00017   0.00501   0.00386   0.00140
   1.00000  10.60200   3.47326  21.03500   0.36687   4.90774   9.35000   0.83010   0.00863   0.00725   0.01320   0.01130   0.00100   0.00154   0.00106   0.00005   0.00017   0.00501   0.00386   0.00140
   1.00000  10.60200   3.38207  21.03500   0.35272   4.77888   9.65000   0.82260   0.00831   0.00686   0.01315   0.01130   0.00100   0.00104   0.00106   0.00006   0.00016   0.00501   0.00386   0.00140
   1.00000  10.60200   3.29087  21.03500   0.33893   4.65002   9.95000   0.83161   0.00804   0.00653   0.01320   0.01130   0.00100   0.00155   0.00106   0.00008   0.00015   0.00502   0.00386   0.00140
   1.00000  10.60200   3.19967  21.03500   0.32548   4.52115  10.25000   0.84119   0.00781   0.00625   0.01377   0.01130   0.00100   0.00419   0.00106   0.00011   0.00015   0.00502   0.00386   0.00140
   1.00000  10.60200   3.10847  21.03500   0.31235   4.39229  10.55000   0.85026   0.00761   0.00603   0.01394   0.01130   0.00100   0.00473   0.00106   0.00015   0.00014   0.00503   0.00386   0.00140
   1.00000  10.60200   3.01728  21.03500   0.29954   4.26343  10.85000   0.86644   0.00758   0.00609   0.01402   0.01130   0.00100   0.00494   0.00106   0.00019   0.00014   0.00503   0.00386   0.00140
   1.00000  10.60200   4.76523  21.03500   0.61475   6.73331   5.10000   0.75829   0.01579   0.01503   0.01301   0.01130   0.00100   0.00217   0.00068   0.00000   0.00038   0.00500   0.00287   0.00140
   1.00000  10.60200   4.70444  21.03500   0.60065   6.64740   5.30000   0.74333   0.01389   0.01302   0.01294   0.01130   0.00100   0.00172   0.00068   0.00000   0.00036   0.00500   0.00287   0.00140
   1.00000  10.60200   4.64364  21.03500   0.58684   6.56149   5.50000   0.74604   0.01238   0.01142   0.01292   0.01130   0.00100   0.00158   0.00068   0.00000   0.00034   0.00500   0.00287   0.00140
   1.00000  10.60200   4.58284  21.03500   0.57330   6.47558   5.70000   0.74690   0.01126   0.01023   0.01292   0.01130   0.00100   0.00161   0.00068   0.00000   0.00032   0.00500   0.00287   0.00140
   1.00000  10.60200   4.52204  21.03500   0.56004   6.38967   5.90000   0.74795   0.01063   0.00955   0.01300   0.01130   0.00100   0.00215   0.00068   0.00000   0.00031   0.00500   0.00287   0.00140
   1.00000  10.60200   4.46124  21.03500   0.54704   6.30376   6.10000   0.75513   0.01020   0.00908   0.01296   0.01130   0.00100   0.00191   0.00068   0.00000   0.00029   0.00500   0.00287   0.00140
   1.00000  10.60200   4.40044  21.03500   0.53429   6.21785   6.30000   0.75906   0.00984   0.00867   0.01291   0.01130   0.00100   0.00149   0.00068   0.00000   0.00028   0.00500   0.00287   0.00140
   1.00000  10.60200   4.33964  21.03500   0.52180   6.13194   6.50000   0.76616   0.00950   0.00829   0.01288   0.01130   0.00100   0.00117   0.00068   0.00000   0.00027   0.00500   0.00287   0.00140
   1.00000  10.60200   4.27885  21.03500   0.50954   6.04604   6.70000   0.76908   0.00915   0.00791   0.01290   0.01130   0.00100   0.00142   0.00068   0.00000   0.00026   0.00500   0.00287   0.00140
   1.00000  10.60200   4.21805  21.03500   0.49752   5.96013   6.90000   0.76798   0.00897   0.00766   0.01294   0.01130   0.00100   0.00176   0.00068   0.00001   0.00025   0.00500   0.00287   0.00140
   1.00000  10.60200   4.15725  21.03500   0.48572   5.87422   7.10000   0.78257   0.00871   0.00736   0.01299   0.01130   0.00100   0.00208   0.00068   0.00001   0.00024   0.00500   0.00287   0.00140
   1.00000  10.60200   4.09645  21.03500   0.47414   5.78831   7.30000   0.78181   0.00849   0.00709   0.01296   0.01130   0.00100   0.00190   0.00068   0.00001   0.00023   0.00500   0.00287   0.00140
   1.00000  10.60200   4.03565  21.03500   0.46278   5.70240   7.50000   0.78729   0.00829   0.00685   0.01292   0.01130   0.00100   0.00157   0.00068   0.00001   0.00022   0.00500   0.00287   0.00140
   1.00000  10.60200   3.97485  21.03500   0.45163   5.61649   7.70000   0.79741   0.00806   0.00659   0.01287   0.01130   0.00100   0.00111   0.00068   0.00001   0.00021   0.00500   0.00287   0.00140
   1.00000  10.60200   3.91405  21.03500   0.44068   5.53058   7.90000   0.79109   0.00792   0.00640   0.01323   0.01130   0.00100   0.00326   0.00068   0.00001   0.00021   0.00500   0.00287   0.00140
   1.00000  10.60200   3.85326  21.03500   0.42992   5.44467   8.10000   0.79626   0.00775   0.00620   0.01321   0.01130   0.00100   0.00318   0.00068   0.00002   0.00020   0.00500   0.00287   0.00140
   1.00000  10.60200   3.79246  21.03500   0.41936   5.35877   8.30000   0.79737   0.00758   0.00602   0.01319   0.01130   0.00100   0.00307   0.00068   0.00002   0.00019   0.00501   0.00287   0.00140
   1.00000  10.60200   3.73166  21.03500   0.40899   5.27286   8.50000   0.79753   0.00743   0.00588   0.01321   0.01130   0.00100   0.00319   0.00068   0.00002   0.00019   0.00501   0.00287   0.00140
   1.00000  10.60200   3.67086  21.03500   0.39879   5.18695   8.70000   0.80776   0.00741   0.00591   0.01326   0.01130   0.00100   0.00337   0.00068   0.00003   0.00018   0.00501   0.00287   0.00140
   1.00000  10.60200   5.93561  21.03500   0.95779   8.38705   1.25000   6.29148   0.07542   0.07533   0.03626   0.01130   0.00100   0.02591   0.00125   0.00000   0.01536   0.01613   0.00389   0.00140
   1.00000  10.60200   5.90521  21.03500   0.94671   8.34409   1.35000   1.93892   0.05327   0.05311   0.02504   0.01130   0.00100   0.01782   0.00125   0.00000   0.00862   0.00938   0.00389   0.00140
   1.00000  10.60200   5.87481  21.03500   0.93578   8.30114   1.45000   1.07782   0.04004   0.03982   0.01741   0.01130   0.00100   0.00857   0.00125   0.00000   0.00589   0.00688   0.00389   0.00140
   1.00000  10.60200   5.84441  21.03500   0.92499   8.25819   1.55000   1.02908   0.03379   0.03355   0.01470   0.01130   0.00100   0.00340   0.00125   0.00000   0.00444   0.00613   0.00389   0.00140
   1.00000  10.60200   5.81401  21.03500   0.91434   8.21523   1.65000   1.07558   0.03003   0.02979   0.01404   0.01130   0.00100   0.00217   0.00125   0.00000   0.00354   0.00571   0.00389   0.00140
   1.00000  10.60200   5.78361  21.03500   0.90382   8.17228   1.75000   0.90195   0.02701   0.02674   0.01404   0.01130   0.00100   0.00344   0.00125   0.00000   0.00293   0.00543   0.00389   0.00140
   1.00000  10.60200   5.75321  21.03500   0.89343   8.12932   1.85000   0.89406   0.02500   0.02469   0.01424   0.01130   0.00100   0.00465   0.00125   0.00000   0.00249   0.00526   0.00389   0.00140
   1.00000  10.60200   5.72281  21.03500   0.88318   8.08637   1.95000   0.87157   0.02247   0.02215   0.01481   0.01130   0.00100   0.00638   0.00125   0.00000   0.00216   0.00516   0.00389   0.00140
   1.00000  10.60200   5.69241  21.03500   0.87304   8.04341   2.05000   0.86105   0.02110   0.02075   0.01437   0.01130   0.00100   0.00543   0.00125   0.00000   0.00191   0.00511   0.00389   0.00140
   1.00000  10.60200   5.66201  21.03500   0.86304   8.00046   2.15000   0.73598   0.01883   0.01843   0.01375   0.01130   0.00100   0.00362   0.00125   0.00000   0.00170   0.00507   0.00389   0.00140
   1.00000  10.60200   5.63161  21.03500   0.85316   7.95751   2.25000   0.58924   0.01697   0.01655   0.01329   0.01130   0.00100   0.00122   0.00125   0.00000   0.00154   0.00504   0.00389   0.00140
   1.00000  10.60200   5.60121  21.03500   0.84339   7.91455   2.35000   0.69310   0.01629   0.01586   0.01366   0.01130   0.00100   0.00345   0.00125   0.00000   0.00140   0.00503   0.00389   0.00140
   1.00000  10.60200   5.57082  21.03500   0.83375   7.87160   2.45000   0.80331   0.01590   0.01546   0.01363   0.01130   0.00100   0.00341   0.00125   0.00000   0.00128   0.00503   0.00389   0.00140
   1.00000  10.60200   5.54042  21.03500   0.82422   7.82864   2.55000   0.85458   0.01553   0.01507   0.01430   0.01130   0.00100   0.00551   0.00125   0.00000   0.00118   0.00502   0.00389   0.00140
   1.00000  10.60200   5.51002  21.03500   0.81480   7.78569   2.65000   0.81676   0.01480   0.01429   0.01545   0.01130   0.00100   0.00806   0.00125   0.00000   0.00110   0.00502   0.00389   0.00140
   1.00000  10.60200   5.47962  21.03500   0.80550   7.74273   2.75000   0.73018   0.01359   0.01307   0.01527   0.01130   0.00100   0.00772   0.00125   0.00000   0.00102   0.00501   0.00389   0.00140
   1.00000  10.60200   5.44922  21.03500   0.79630   7.69978   2.85000   0.63344   0.01286   0.01228   0.01571   0.01130   0.00100   0.00856   0.00125   0.00000   0.00096   0.00501   0.00389   0.00140
   1.00000  10.60200   5.41882  21.03500   0.78722   7.65682   2.95000   0.63273   0.01218   0.01159   0.01434   0.01130   0.00100   0.00569   0.00125   0.00000   0.00090   0.00501   0.00389   0.00140
   1.00000  10.60200   5.38842  21.03500   0.77823   7.61387   3.05000   0.69933   0.01185   0.01125   0.01351   0.01130   0.00100   0.00306   0.00125   0.00000   0.00085   0.00501   0.00389   0.00140
   1.00000  10.60200   5.35802  21.03500   0.76936   7.57092   3.15000   0.72516   0.01157   0.01095   0.01338   0.01130   0.00100   0.00244   0.00125   0.00000   0.00080   0.00501   0.00389   0.00140
   1.00000  10.60200   5.32762  21.03500   0.76058   7.52796   3.25000   0.76564   0.01126   0.01062   0.01346   0.01130   0.00100   0.00285   0.00125   0.00000   0.00076   0.00500   0.00389   0.00140
   1.00000  10.60200   5.29722  21.03500   0.75191   7.48501   3.35000   0.75719   0.01104   0.01036   0.01355   0.01130   0.00100   0.00329   0.00125   0.00000   0.00072   0.00500   0.00389   0.00140
   1.00000  10.60200   5.26682  21.03500   0.74334   7.44205   3.45000   0.76796   0.01065   0.00994   0.01358   0.01130   0.00100   0.00340   0.00125   0.00000   0.00069   0.00500   0.00389   0.00140
   1.00000  10.60200   5.23642  21.03500   0.73486   7.39910   3.55000   0.75137   0.01029   0.00956   0.01356   0.01130   0.00100   0.00332   0.00125   0.00000   0.00065   0.00500   0.00389   0.00140
   1.00000  10.60200   5.20602  21.03500   0.72648   7.35614   3.65000   0.75096   0.01000   0.00925   0.01353   0.01130   0.00100   0.00321   0.00125   0.00000   0.00063   0.00500   0.00389   0.00140
   1.00000  10.60200   5.17562  21.03500   0.71819   7.31319   3.75000   0.74591   0.00970   0.00893   0.01341   0.01130   0.00100   0.00267   0.00125   0.00000   0.00060   0.00500   0.00389   0.00140
   1.00000  10.60200   5.14523  21.03500   0.70999   7.27024   3.85000   0.74826   0.00947   0.00866   0.01334   0.01130   0.00100   0.00232   0.00125   0.00000   0.00057   0.00500   0.00389   0.00140
   1.00000  10.60200   5.11483  21.03500   0.70189   7.22728   3.95000   0.73472   0.00919   0.00837   0.01331   0.01130   0.00100   0.00209   0.00125   0.00000   0.00055   0.00500   0.00389   0.00140
   1.00000  10.60200   5.08443  21.03500   0.69387   7.18433   4.05000   0.73099   0.00898   0.00814   0.01328   0.01130   0.00100   0.00191   0.00125   0.00000   0.00053   0.00500   0.00389   0.00140
   1.00000  10.60200   5.05403  21.03500   0.68594   7.14137   4.15000   0.73680   0.00878   0.00791   0.01326   0.01130   0.00100   0.00181   0.00125   0.00000   0.00051   0.00500   0.00389   0.00140
   1.00000  10.60200   5.02363  21.03500   0.67810   7.09842   4.25000   0.73421   0.00856   0.00768   0.01326   0.01130   0.00100   0.00183   0.00125   0.00000   0.00049   0.00500   0.00389   0.00140
   1.00000  10.60200   4.99323  21.03500   0.67035   7.05546   4.35000   0.73591   0.00842   0.00752   0.01323   0.01130   0.00100   0.00156   0.00125   0.00000   0.00048   0.00500   0.00389   0.00140
   1.00000  10.60200   4.96283  21.03500   0.66267   7.01251   4.45000   0.73537   0.00821   0.00730   0.01319   0.01130   0.00100   0.00123   0.00125   0.00000   0.00046   0.00500   0.00389   0.00140
   1.00000  10.60200   4.93243  21.03500   0.65508   6.96955   4.55000   0.73858   0.00808   0.00716   0.01317   0.01130   0.00100   0.00099   0.00125   0.00000   0.00044   0.00500   0.00389   0.00140
   1.00000  10.60200   4.90203  21.03500   0.64757   6.92660   4.65000   0.73465   0.00793   0.00699   0.01317   0.01130   0.00100   0.00099   0.00125   0.00000   0.00043   0.00500   0.00389   0.00140
   1.00000  10.60200   4.87163  21.03500   0.64014   6.88365   4.75000   0.73934   0.00778   0.00683   0.01317   0.01130   0.00100   0.00092   0.00125   0.00000   0.00042   0.00500   0.00389   0.00140
   1.00000  10.60200   4.84123  21.03500   0.63279   6.84069   4.85000   0.73458   0.00768   0.00671   0.01316   0.01130   0.00100   0.00088   0.00125   0.00000   0.00040   0.00500   0.00389   0.00140
   1.00000  10.60200   4.81083  21.03500   0.62552   6.79774   4.95000   0.73790   0.00754   0.00657   0.01318   0.01130   0.00100   0.00112   0.00125   0.00000   0.00039   0.00500   0.00389   0.00140
   1.00000  10.60200   4.78043  21.03500   0.61832   6.75478   5.05000   0.74635   0.00746   0.00648   0.01327   0.01130   0.00100   0.00187   0.00125   0.00000   0.00038   0.00500   0.00389   0.00140
   1.00000  10.60200   4.75003  21.03500   0.61120   6.71183   5.15000   0.74747   0.00739   0.00640   0.01331   0.01130   0.00100   0.00217   0.00125   0.00000   0.00037   0.00500   0.00389   0.00140
   1.00000  10.60200   4.71964  21.03500   0.60415   6.66887   5.25000   0.75157   0.00733   0.00634   0.01327   0.01130   0.00100   0.00188   0.00125   0.00000   0.00036   0.00500   0.00389   0.00140
   1.00000  10.60200   4.68924  21.03500   0.59717   6.62592   5.35000   0.74934   0.00730   0.00632   0.01323   0.01130   0.00100   0.00159   0.00125   0.00000   0.00035   0.00500   0.00389   0.00140
   1.00000  10.60200   4.65884  21.03500   0.59026   6.58297   5.45000   0.75415   0.00733   0.00637   0.01323   0.01130   0.00100   0.00156   0.00125   0.00000   0.00034   0.00500   0.00389   0.00140
   1.00000  10.60200   2.95992  24.98000   0.40940   5.87106   9.35000   0.80410   0.01368   0.01297   0.01376   0.01060   0.00100   0.00373   0.00184   0.00007   0.00017   0.00501   0.00561   0.00140
   1.00000  10.60200   2.88220  24.98000   0.39464   5.71691   9.65000   0.80864   0.01152   0.01069   0.01343   0.01060   0.00100   0.00219   0.00184   0.00009   0.00016   0.00502   0.00561   0.00140
   1.00000  10.60200   2.80448  24.98000   0.38017   5.56275   9.95000   0.80956   0.01049   0.00961   0.01330   0.01060   0.00100   0.00114   0.00184   0.00012   0.00015   0.00502   0.00561   0.00140
   1.00000  10.60200   2.72676  24.98000   0.36598   5.40859  10.25000   0.83138   0.00992   0.00900   0.01326   0.01060   0.00100   0.00064   0.00184   0.00016   0.00015   0.00503   0.00561   0.00140
   1.00000  10.60200   2.64904  24.98000   0.35208   5.25443  10.55000   0.82935   0.00950   0.00853   0.01326   0.01060   0.00100   0.00040   0.00184   0.00022   0.00014   0.00503   0.00561   0.00140
   1.00000  10.60200   2.57132  24.98000   0.33844   5.10028  10.85000   0.84221   0.00913   0.00809   0.01337   0.01060   0.00100   0.00171   0.00184   0.00029   0.00014   0.00504   0.00561   0.00140
   1.00000  10.60200   2.49360  24.98000   0.32507   4.94612  11.15000   0.83312   0.00865   0.00757   0.01343   0.01060   0.00100   0.00210   0.00184   0.00038   0.00013   0.00505   0.00561   0.00140
   1.00000  10.60200   2.41589  24.98000   0.31194   4.79196  11.45000   0.83636   0.00834   0.00721   0.01347   0.01060   0.00100   0.00231   0.00184   0.00051   0.00013   0.00507   0.00561   0.00140
   1.00000  10.60200   2.33817  24.98000   0.29907   4.63781  11.75000   0.85813   0.00806   0.00693   0.01350   0.01060   0.00100   0.00239   0.00184   0.00068   0.00012   0.00509   0.00561   0.00140
   1.00000  10.60200   3.58167  24.98000   0.53927   7.10432   6.95000   0.76381   0.01356   0.01276   0.01252   0.01060   0.00100   0.00155   0.00090   0.00001   0.00024   0.00500   0.00362   0.00140
   1.00000  10.60200   3.50395  24.98000   0.52179   6.95016   7.25000   0.74854   0.01130   0.01035   0.01248   0.01060   0.00100   0.00121   0.00090   0.00001   0.00023   0.00500   0.00362   0.00140
   1.00000  10.60200   3.42623  24.98000   0.50469   6.79601   7.55000   0.77199   0.00995   0.00888   0.01251   0.01060   0.00100   0.00144   0.00090   0.00001   0.00022   0.00500   0.00362   0.00140
   1.00000  10.60200   3.34851  24.98000   0.48796   6.64185   7.85000   0.77171   0.00928   0.00816   0.01251   0.01060   0.00100   0.00150   0.00090   0.00002   0.00021   0.00501   0.00362   0.00140
   1.00000  10.60200   3.27079  24.98000   0.47158   6.48769   8.15000   0.78094   0.00883   0.00764   0.01247   0.01060   0.00100   0.00114   0.00090   0.00002   0.00020   0.00501   0.00362   0.00140
   1.00000  10.60200   3.19307  24.98000   0.45555   6.33354   8.45000   0.78588   0.00841   0.00717   0.01243   0.01060   0.00100   0.00039   0.00090   0.00003   0.00019   0.00501   0.00362   0.00140
   1.00000  10.60200   3.11536  24.98000   0.43984   6.17938   8.75000   0.79715   0.00809   0.00678   0.01243   0.01060   0.00100   0.00044   0.00090   0.00004   0.00018   0.00501   0.00362   0.00140
   1.00000  10.60200   3.03764  24.98000   0.42446   6.02522   9.05000   0.79772   0.00777   0.00640   0.01247   0.01060   0.00100   0.00105   0.00090   0.00005   0.00017   0.00501   0.00362   0.00140
   1.00000  10.60200   2.95992  24.98000   0.40940   5.87106   9.35000   0.81194   0.00746   0.00604   0.01297   0.01060   0.00100   0.00373   0.00090   0.00007   0.00017   0.00501   0.00362   0.00140
   1.00000  10.60200   2.88220  24.98000   0.39464   5.71691   9.65000   0.80375   0.00725   0.00576   0.01262   0.01060   0.00100   0.00219   0.00090   0.00009   0.00016   0.00502   0.00362   0.00140
   1.00000  10.60200   2.80448  24.98000   0.38017   5.56275   9.95000   0.80642   0.00702   0.00554   0.01248   0.01060   0.00100   0.00114   0.00090   0.00012   0.00015   0.00502   0.00362   0.00140
   1.00000  10.60200   2.72676  24.98000   0.36598   5.40859  10.25000   0.81449   0.00709   0.00568   0.01245   0.01060   0.00100   0.00064   0.00090   0.00016   0.00015   0.00503   0.00362   0.00140
   1.00000  10.60200   4.16456  24.98000   0.68381   8.26050   4.70000   0.73718   0.01513   0.01471   0.01239   0.01060   0.00100   0.00067   0.00119   0.00000   0.00042   0.00500   0.00332   0.00140
   1.00000  10.60200   4.11275  24.98000   0.66991   8.15773   4.90000   0.72100   0.01318   0.01269   0.01238   0.01060   0.00100   0.00055   0.00119   0.00000   0.00040   0.00500   0.00332   0.00140
   1.00000  10.60200   4.06093  24.98000   0.65623   8.05496   5.10000   0.73964   0.01168   0.01114   0.01237   0.01060   0.00100   0.00033   0.00119   0.00000   0.00038   0.00500   0.00332   0.00140
   1.00000  10.60200   4.00912  24.98000   0.64277   7.95218   5.30000   0.74076   0.01059   0.01000   0.01237   0.01060   0.00100   0.00036   0.00119   0.00000   0.00036   0.00500   0.00332   0.00140
   1.00000  10.60200   3.95731  24.98000   0.62951   7.84941   5.50000   0.73812   0.00984   0.00922   0.01238   0.01060   0.00100   0.00062   0.00119   0.00000   0.00034   0.00500   0.00332   0.00140
   1.00000  10.60200   3.90550  24.98000   0.61646   7.74664   5.70000   0.73443   0.00935   0.00871   0.01237   0.01060   0.00100   0.00037   0.00119   0.00000   0.00032   0.00500   0.00332   0.00140
   1.00000  10.60200   3.85368  24.98000   0.60361   7.64387   5.90000   0.73368   0.00894   0.00826   0.01236   0.01060   0.00100   0.00008   0.00119   0.00000   0.00031   0.00500   0.00332   0.00140
   1.00000  10.60200   3.80187  24.98000   0.59096   7.54110   6.10000   0.75188   0.00856   0.00785   0.01236   0.01060   0.00100   0.00006   0.00119   0.00000   0.00029   0.00500   0.00332   0.00140
   1.00000  10.60200   3.75006  24.98000   0.57850   7.43833   6.30000   0.75560   0.00821   0.00746   0.01237   0.01060   0.00100   0.00032   0.00119   0.00001   0.00028   0.00500   0.00332   0.00140
   1.00000  10.60200   3.69825  24.98000   0.56622   7.33556   6.50000   0.75062   0.00792   0.00714   0.01237   0.01060   0.00100   0.00052   0.00119   0.00001   0.00027   0.00500   0.00332   0.00140
   1.00000  10.60200   3.64643  24.98000   0.55413   7.23279   6.70000   0.75816   0.00764   0.00683   0.01237   0.01060   0.00100   0.00038   0.00119   0.00001   0.00026   0.00500   0.00332   0.00140
   1.00000  10.60200   3.59462  24.98000   0.54222   7.13001   6.90000   0.75856   0.00740   0.00656   0.01242   0.01060   0.00100   0.00121   0.00119   0.00001   0.00025   0.00500   0.00332   0.00140
   1.00000  10.60200   3.54281  24.98000   0.53048   7.02724   7.10000   0.76518   0.00716   0.00627   0.01241   0.01060   0.00100   0.00112   0.00119   0.00001   0.00024   0.00500   0.00332   0.00140
   1.00000  10.60200   3.49100  24.98000   0.51892   6.92447   7.30000   0.76919   0.00692   0.00602   0.01242   0.01060   0.00100   0.00115   0.00119   0.00001   0.00023   0.00500   0.00332   0.00140
   1.00000  10.60200   3.43918  24.98000   0.50752   6.82170   7.50000   0.77227   0.00674   0.00581   0.01243   0.01060   0.00100   0.00132   0.00119   0.00001   0.00022   0.00500   0.00332   0.00140
   1.00000  10.60200   3.38737  24.98000   0.49628   6.71893   7.70000   0.77587   0.00657   0.00562   0.01246   0.01060   0.00100   0.00153   0.00119   0.00002   0.00021   0.00500   0.00332   0.00140
   1.00000  10.60200   3.33556  24.98000   0.48520   6.61616   7.90000   0.78025   0.00642   0.00544   0.01244   0.01060   0.00100   0.00142   0.00119   0.00002   0.00021   0.00501   0.00332   0.00140
   1.00000  10.60200   3.28375  24.98000   0.47429   6.51338   8.10000   0.78131   0.00626   0.00528   0.01243   0.01060   0.00100   0.00124   0.00119   0.00002   0.00020   0.00501   0.00332   0.00140
   1.00000  10.60200   3.23193  24.98000   0.46352   6.41061   8.30000   0.78724   0.00618   0.00522   0.01238   0.01060   0.00100   0.00059   0.00119   0.00003   0.00019   0.00501   0.00332   0.00140
   1.00000  10.60200   3.18012  24.98000   0.45291   6.30784   8.50000   0.79059   0.00628   0.00536   0.01237   0.01060   0.00100   0.00040   0.00119   0.00003   0.00019   0.00501   0.00332   0.00140
   1.00000  10.60200   5.05833  24.98000   0.96447  10.03331   1.25000   6.07294   0.08233   0.08229   0.05395   0.01060   0.00100   0.04790   0.00106   0.00001   0.01536   0.01597   0.00308   0.00140
   1.00000  10.60200   5.03242  24.98000   0.95506   9.98192   1.35000   2.39736   0.07193   0.07186   0.02987   0.01060   0.00100   0.02467   0.00106   0.00000   0.00862   0.00914   0.00308   0.00140
   1.00000  10.60200   5.00651  24.98000   0.94575   9.93053   1.45000   1.27247   0.05527   0.05518   0.01788   0.01060   0.00100   0.01068   0.00106   0.00000   0.00589   0.00669   0.00308   0.00140
   1.00000  10.60200   4.98061  24.98000   0.93652   9.87915   1.55000   1.17035   0.04562   0.04552   0.01415   0.01060   0.00100   0.00424   0.00106   0.00000   0.00444   0.00604   0.00308   0.00140
   1.00000  10.60200   4.95470  24.98000   0.92737   9.82776   1.65000   1.11401   0.04130   0.04119   0.01376   0.01060   0.00100   0.00433   0.00106   0.00000   0.00354   0.00568   0.00308   0.00140
   1.00000  10.60200   4.92879  24.98000   0.91831   9.77638   1.75000   0.98525   0.03650   0.03639   0.01350   0.01060   0.00100   0.00427   0.00106   0.00000   0.00293   0.00542   0.00308   0.00140
   1.00000  10.60200   4.90289  24.98000   0.90933   9.72499   1.85000   0.95368   0.03395   0.03383   0.01345   0.01060   0.00100   0.00459   0.00106   0.00000   0.00249   0.00526   0.00308   0.00140
   1.00000  10.60200   4.87698  24.98000   0.90044   9.67361   1.95000   0.91845   0.03063   0.03049   0.01308   0.01060   0.00100   0.00370   0.00106   0.00000   0.00216   0.00517   0.00308   0.00140
   1.00000  10.60200   4.85108  24.98000   0.89162   9.62222   2.05000   0.85333   0.02812   0.02796   0.01268   0.01060   0.00100   0.00227   0.00106   0.00000   0.00191   0.00511   0.00308   0.00140
   1.00000  10.60200   4.82517  24.98000   0.88288   9.57083   2.15000   0.74043   0.02528   0.02511   0.01245   0.01060   0.00100   0.00068   0.00106   0.00000   0.00170   0.00507   0.00308   0.00140
   1.00000  10.60200   4.79926  24.98000   0.87422   9.51945   2.25000   0.60892   0.02313   0.02293   0.01493   0.01060   0.00100   0.00832   0.00106   0.00000   0.00154   0.00504   0.00308   0.00140
   1.00000  10.60200   4.77336  24.98000   0.86564   9.46806   2.35000   0.68582   0.02158   0.02138   0.01450   0.01060   0.00100   0.00756   0.00106   0.00000   0.00140   0.00503   0.00308   0.00140
   1.00000  10.60200   4.74745  24.98000   0.85713   9.41668   2.45000   0.83564   0.02138   0.02117   0.01311   0.01060   0.00100   0.00437   0.00106   0.00000   0.00128   0.00503   0.00308   0.00140
   1.00000  10.60200   4.72154  24.98000   0.84869   9.36529   2.55000   0.89302   0.02051   0.02030   0.01338   0.01060   0.00100   0.00515   0.00106   0.00000   0.00118   0.00502   0.00308   0.00140
   1.00000  10.60200   4.69564  24.98000   0.84034   9.31391   2.65000   0.85868   0.01931   0.01907   0.01402   0.01060   0.00100   0.00665   0.00106   0.00000   0.00110   0.00502   0.00308   0.00140
   1.00000  10.60200   4.66973  24.98000   0.83205   9.26252   2.75000   0.75426   0.01778   0.01753   0.01655   0.01060   0.00100   0.01104   0.00106   0.00000   0.00102   0.00501   0.00308   0.00140
   1.00000  10.60200   4.64383  24.98000   0.82384   9.21113   2.85000   0.64408   0.01659   0.01632   0.01836   0.01060   0.00100   0.01361   0.00106   0.00000   0.00096   0.00501   0.00308   0.00140
   1.00000  10.60200   4.61792  24.98000   0.81569   9.15975   2.95000   0.65436   0.01568   0.01540   0.01587   0.01060   0.00100   0.00999   0.00106   0.00000   0.00090   0.00501   0.00308   0.00140
   1.00000  10.60200   4.59201  24.98000   0.80762   9.10836   3.05000   0.71900   0.01512   0.01483   0.01379   0.01060   0.00100   0.00619   0.00106   0.00000   0.00085   0.00501   0.00308   0.00140
   1.00000  10.60200   4.56611  24.98000   0.79962   9.05698   3.15000   0.75015   0.01469   0.01438   0.01302   0.01060   0.00100   0.00424   0.00106   0.00000   0.00080   0.00501   0.00308   0.00140
   1.00000  10.60200   4.54020  24.98000   0.79168   9.00559   3.25000   0.77018   0.01419   0.01387   0.01298   0.01060   0.00100   0.00412   0.00106   0.00000   0.00076   0.00501   0.00308   0.00140
   1.00000  10.60200   4.51429  24.98000   0.78382   8.95421   3.35000   0.77581   0.01378   0.01344   0.01296   0.01060   0.00100   0.00406   0.00106   0.00000   0.00072   0.00500   0.00308   0.00140
   1.00000  10.60200   4.48839  24.98000   0.77602   8.90282   3.45000   0.76621   0.01324   0.01288   0.01291   0.01060   0.00100   0.00390   0.00106   0.00000   0.00069   0.00500   0.00308   0.00140
   1.00000  10.60200   4.46248  24.98000   0.76828   8.85143   3.55000   0.74445   0.01269   0.01231   0.01279   0.01060   0.00100   0.00347   0.00106   0.00000   0.00065   0.00500   0.00308   0.00140
   1.00000  10.60200   4.43658  24.98000   0.76061   8.80005   3.65000   0.74838   0.01221   0.01182   0.01266   0.01060   0.00100   0.00300   0.00106   0.00000   0.00063   0.00500   0.00308   0.00140
   1.00000  10.60200   4.41067  24.98000   0.75301   8.74866   3.75000   0.73814   0.01178   0.01137   0.01259   0.01060   0.00100   0.00266   0.00106   0.00000   0.00060   0.00500   0.00308   0.00140
   1.00000  10.60200   4.38476  24.98000   0.74546   8.69728   3.85000   0.74246   0.01149   0.01106   0.01253   0.01060   0.00100   0.00237   0.00106   0.00000   0.00057   0.00500   0.00308   0.00140
   1.00000  10.60200   4.35886  24.98000   0.73799   8.64589   3.95000   0.73496   0.01102   0.01059   0.01248   0.01060   0.00100   0.00210   0.00106   0.00000   0.00055   0.00500   0.00308   0.00140
   1.00000  10.60200   4.33295  24.98000   0.73057   8.59451   4.05000   0.72603   0.01070   0.01025   0.01246   0.01060   0.00100   0.00202   0.00106   0.00000   0.00053   0.00500   0.00308   0.00140
   1.00000  10.60200   4.30704  24.98000   0.72321   8.54312   4.15000   0.72899   0.01038   0.00991   0.01242   0.01060   0.00100   0.00176   0.00106   0.00000   0.00051   0.00500   0.00308   0.00140
   1.00000  10.60200   4.28114  24.98000   0.71591   8.49173   4.25000   0.73607   0.01001   0.00954   0.01239   0.01060   0.00100   0.00149   0.00106   0.00000   0.00049   0.00500   0.00308   0.00140
   1.00000  10.60200   4.25523  24.98000   0.70868   8.44035   4.35000   0.73032   0.00974   0.00925   0.01234   0.01060   0.00100   0.00103   0.00106   0.00000   0.00048   0.00500   0.00308   0.00140
   1.00000  10.60200   4.22933  24.98000   0.70150   8.38896   4.45000   0.72238   0.00950   0.00900   0.01234   0.01060   0.00100   0.00103   0.00106   0.00000   0.00046   0.00500   0.00308   0.00140
   1.00000  10.60200   4.20342  24.98000   0.69438   8.33758   4.55000   0.72202   0.00926   0.00876   0.01233   0.01060   0.00100   0.00088   0.00106   0.00000   0.00044   0.00500   0.00308   0.00140
   1.00000  10.60200   4.17751  24.98000   0.68732   8.28619   4.65000   0.72305   0.00902   0.00850   0.01231   0.01060   0.00100   0.00069   0.00106   0.00000   0.00043   0.00500   0.00308   0.00140
   1.00000  10.60200   4.15161  24.98000   0.68031   8.23481   4.75000   0.72158   0.00883   0.00830   0.01232   0.01060   0.00100   0.00073   0.00106   0.00000   0.00042   0.00500   0.00308   0.00140
   1.00000  10.60200   4.12570  24.98000   0.67336   8.18342   4.85000   0.72691   0.00861   0.00808   0.01230   0.01060   0.00100   0.00053   0.00106   0.00000   0.00040   0.00500   0.00308   0.00140
   1.00000  10.60200   4.09979  24.98000   0.66647   8.13203   4.95000   0.73361   0.00849   0.00795   0.01230   0.01060   0.00100   0.00050   0.00106   0.00000   0.00039   0.00500   0.00308   0.00140
   1.00000  10.60200   4.07389  24.98000   0.65963   8.08065   5.05000   0.73050   0.00836   0.00781   0.01230   0.01060   0.00100   0.00035   0.00106   0.00000   0.00038   0.00500   0.00308   0.00140
   1.00000  10.60200   4.04798  24.98000   0.65284   8.02926   5.15000   0.73123   0.00827   0.00773   0.01230   0.01060   0.00100   0.00039   0.00106   0.00000   0.00037   0.00500   0.00308   0.00140
   1.00000  10.60200   4.02208  24.98000   0.64611   7.97788   5.25000   0.73491   0.00831   0.00776   0.01229   0.01060   0.00100   0.00025   0.00106   0.00000   0.00036   0.00500   0.00308   0.00140
   1.00000  10.60200   3.99617  24.98000   0.63943   7.92649   5.35000   0.73514   0.00833   0.00779   0.01230   0.01060   0.00100   0.00045   0.00106   0.00000   0.00035   0.00500   0.00308   0.00140
   1.00000  10.60200   2.38798  28.99000   0.41160   6.34432   9.95000   0.80230   0.01504   0.01456   0.01352   0.01060   0.00100   0.00239   0.00113   0.00023   0.00015   0.00503   0.00593   0.00140
   1.00000  10.60200   2.32181  28.99000   0.39699   6.16851  10.25000   0.81198   0.01220   0.01162   0.01337   0.01060   0.00100   0.00127   0.00113   0.00031   0.00015   0.00504   0.00593   0.00140
   1.00000  10.60200   2.25563  28.99000   0.38262   5.99269  10.55000   0.80265   0.01083   0.01021   0.01332   0.01060   0.00100   0.00017   0.00113   0.00040   0.00014   0.00505   0.00593   0.00140
   1.00000  10.60200   2.18945  28.99000   0.36847   5.81687  10.85000   0.80257   0.01014   0.00948   0.01333   0.01060   0.00100   0.00035   0.00113   0.00053   0.00014   0.00506   0.00593   0.00140
   1.00000  10.60200   2.12328  28.99000   0.35454   5.64106  11.15000   0.82399   0.00963   0.00892   0.01335   0.01060   0.00100   0.00041   0.00113   0.00070   0.00013   0.00507   0.00593   0.00140
   1.00000  10.60200   2.05710  28.99000   0.34083   5.46524  11.45000   0.83714   0.00910   0.00835   0.01336   0.01060   0.00100   0.00014   0.00113   0.00093   0.00013   0.00510   0.00593   0.00140
   1.00000  10.60200   1.99092  28.99000   0.32733   5.28942  11.75000   0.82279   0.00862   0.00783   0.01341   0.01060   0.00100   0.00051   0.00113   0.00122   0.00012   0.00512   0.00593   0.00140
   1.00000  10.60200   1.92475  28.99000   0.31404   5.11361  12.05000   0.83449   0.00820   0.00737   0.01352   0.01060   0.00100   0.00136   0.00113   0.00161   0.00012   0.00516   0.00593   0.00140
   1.00000  10.60200   1.85857  28.99000   0.30095   4.93779  12.35000   0.85667   0.00789   0.00706   0.01359   0.01060   0.00100   0.00114   0.00113   0.00211   0.00012   0.00520   0.00593   0.00140
   1.00000  10.60200   2.85122  28.99000   0.52081   7.57504   7.85000   0.77169   0.01319   0.01271   0.01245   0.01060   0.00100   0.00087   0.00160   0.00004   0.00021   0.00501   0.00335   0.00140
   1.00000  10.60200   2.78504  28.99000   0.50442   7.39922   8.15000   0.78022   0.01082   0.01027   0.01244   0.01060   0.00100   0.00079   0.00160   0.00005   0.00020   0.00501   0.00335   0.00140
   1.00000  10.60200   2.71887  28.99000   0.48830   7.22341   8.45000   0.78325   0.00960   0.00901   0.01244   0.01060   0.00100   0.00068   0.00160   0.00006   0.00019   0.00501   0.00335   0.00140
   1.00000  10.60200   2.65269  28.99000   0.47245   7.04759   8.75000   0.77780   0.00907   0.00843   0.01242   0.01060   0.00100   0.00032   0.00160   0.00008   0.00018   0.00501   0.00335   0.00140
   1.00000  10.60200   2.58651  28.99000   0.45686   6.87177   9.05000   0.79031   0.00855   0.00788   0.01243   0.01060   0.00100   0.00036   0.00160   0.00011   0.00017   0.00502   0.00335   0.00140
   1.00000  10.60200   2.52034  28.99000   0.44152   6.69596   9.35000   0.79183   0.00812   0.00740   0.01243   0.01060   0.00100   0.00032   0.00160   0.00014   0.00017   0.00502   0.00335   0.00140
   1.00000  10.60200   2.45416  28.99000   0.42644   6.52014   9.65000   0.79901   0.00771   0.00694   0.01243   0.01060   0.00100   0.00021   0.00160   0.00018   0.00016   0.00502   0.00335   0.00140
   1.00000  10.60200   2.38798  28.99000   0.41160   6.34432   9.95000   0.79978   0.00737   0.00657   0.01266   0.01060   0.00100   0.00239   0.00160   0.00023   0.00015   0.00503   0.00335   0.00140
   1.00000  10.60200   2.32181  28.99000   0.39699   6.16851  10.25000   0.81059   0.00704   0.00620   0.01250   0.01060   0.00100   0.00127   0.00160   0.00031   0.00015   0.00504   0.00335   0.00140
   1.00000  10.60200   2.25563  28.99000   0.38262   5.99269  10.55000   0.81795   0.00680   0.00593   0.01244   0.01060   0.00100   0.00017   0.00160   0.00040   0.00014   0.00505   0.00335   0.00140
   1.00000  10.60200   2.18945  28.99000   0.36847   5.81687  10.85000   0.82152   0.00679   0.00597   0.01245   0.01060   0.00100   0.00035   0.00160   0.00053   0.00014   0.00506   0.00335   0.00140
   1.00000  10.60200   3.54608  28.99000   0.71152   9.42111   4.70000   0.71978   0.01420   0.01389   0.01246   0.01060   0.00100   0.00082   0.00105   0.00000   0.00042   0.00500   0.00359   0.00140
   1.00000  10.60200   3.50196  28.99000   0.69831   9.30390   4.90000   0.72344   0.01231   0.01196   0.01244   0.01060   0.00100   0.00060   0.00105   0.00000   0.00040   0.00500   0.00359   0.00140
   1.00000  10.60200   3.45784  28.99000   0.68525   9.18669   5.10000   0.73071   0.01093   0.01055   0.01243   0.01060   0.00100   0.00023   0.00105   0.00001   0.00038   0.00500   0.00359   0.00140
   1.00000  10.60200   3.41372  28.99000   0.67235   9.06948   5.30000   0.73521   0.01000   0.00959   0.01243   0.01060   0.00100   0.00015   0.00105   0.00001   0.00036   0.00500   0.00359   0.00140
   1.00000  10.60200   3.36961  28.99000   0.65962   8.95227   5.50000   0.73254   0.00944   0.00900   0.01243   0.01060   0.00100   0.00024   0.00105   0.00001   0.00034   0.00500   0.00359   0.00140
   1.00000  10.60200   3.32549  28.99000   0.64703   8.83506   5.70000   0.72679   0.00895   0.00848   0.01243   0.01060   0.00100   0.00027   0.00105   0.00001   0.00032   0.00500   0.00359   0.00140
   1.00000  10.60200   3.28137  28.99000   0.63460   8.71784   5.90000   0.73360   0.00849   0.00801   0.01243   0.01060   0.00100   0.00022   0.00105   0.00001   0.00031   0.00500   0.00359   0.00140
   1.00000  10.60200   3.23725  28.99000   0.62232   8.60063   6.10000   0.74227   0.00806   0.00756   0.01243   0.01060   0.00100   0.00037   0.00105   0.00001   0.00029   0.00500   0.00359   0.00140
   1.00000  10.60200   3.19313  28.99000   0.61018   8.48342   6.30000   0.74621   0.00774   0.00720   0.01244   0.01060   0.00100   0.00049   0.00105   0.00001   0.00028   0.00500   0.00359   0.00140
   1.00000  10.60200   3.14902  28.99000   0.59819   8.36621   6.50000   0.75173   0.00740   0.00686   0.01244   0.01060   0.00100   0.00047   0.00105   0.00001   0.00027   0.00500   0.00359   0.00140
   1.00000  10.60200   3.10490  28.99000   0.58634   8.24900   6.70000   0.75687   0.00713   0.00656   0.01245   0.01060   0.00100   0.00079   0.00105   0.00002   0.00026   0.00500   0.00359   0.00140
   1.00000  10.60200   3.06078  28.99000   0.57463   8.13179   6.90000   0.74856   0.00687   0.00626   0.01243   0.01060   0.00100   0.00015   0.00105   0.00002   0.00025   0.00500   0.00359   0.00140
   1.00000  10.60200   3.01666  28.99000   0.56305   8.01458   7.10000   0.75008   0.00663   0.00600   0.01243   0.01060   0.00100   0.00045   0.00105   0.00002   0.00024   0.00500   0.00359   0.00140
   1.00000  10.60200   2.97254  28.99000   0.55161   7.89737   7.30000   0.76013   0.00639   0.00574   0.01244   0.01060   0.00100   0.00051   0.00105   0.00002   0.00023   0.00501   0.00359   0.00140
   1.00000  10.60200   2.92843  28.99000   0.54030   7.78016   7.50000   0.75814   0.00619   0.00552   0.01245   0.01060   0.00100   0.00082   0.00105   0.00003   0.00022   0.00501   0.00359   0.00140
   1.00000  10.60200   2.88431  28.99000   0.52911   7.66295   7.70000   0.76826   0.00602   0.00533   0.01245   0.01060   0.00100   0.00073   0.00105   0.00003   0.00021   0.00501   0.00359   0.00140
   1.00000  10.60200   2.84019  28.99000   0.51806   7.54573   7.90000   0.76656   0.00587   0.00516   0.01246   0.01060   0.00100   0.00086   0.00105   0.00004   0.00021   0.00501   0.00359   0.00140
   1.00000  10.60200   2.79607  28.99000   0.50713   7.42852   8.10000   0.77076   0.00574   0.00503   0.01246   0.01060   0.00100   0.00086   0.00105   0.00005   0.00020   0.00501   0.00359   0.00140
   1.00000  10.60200   2.75196  28.99000   0.49632   7.31131   8.30000   0.77640   0.00571   0.00502   0.01246   0.01060   0.00100   0.00085   0.00105   0.00006   0.00019   0.00501   0.00359   0.00140
   1.00000  10.60200   4.30711  28.99000   0.96871  11.44300   1.25000   7.74568   0.15033   0.15030   0.06976   0.01060   0.00100   0.06519   0.00059   0.00002   0.01536   0.01595   0.00325   0.00140
   1.00000  10.60200   4.28505  28.99000   0.96038  11.38439   1.35000   3.24987   0.13855   0.13851   0.03713   0.01060   0.00100   0.03309   0.00059   0.00000   0.00862   0.00911   0.00325   0.00140
   1.00000  10.60200   4.26299  28.99000   0.95211  11.32579   1.45000   1.77015   0.10069   0.10064   0.01917   0.01060   0.00100   0.01280   0.00059   0.00000   0.00589   0.00654   0.00325   0.00140
   1.00000  10.60200   4.24093  28.99000   0.94390  11.26718   1.55000   1.51212   0.08292   0.08286   0.01398   0.01060   0.00100   0.00372   0.00059   0.00000   0.00444   0.00596   0.00325   0.00140
   1.00000  10.60200   4.21887  28.99000   0.93575  11.20858   1.65000   1.27773   0.06928   0.06921   0.01328   0.01060   0.00100   0.00235   0.00059   0.00000   0.00354   0.00566   0.00325   0.00140
   1.00000  10.60200   4.19681  28.99000   0.92765  11.14997   1.75000   1.22355   0.06341   0.06333   0.01307   0.01060   0.00100   0.00260   0.00059   0.00000   0.00293   0.00542   0.00325   0.00140
   1.00000  10.60200   4.17476  28.99000   0.91961  11.09137   1.85000   0.90127   0.05315   0.05306   0.01345   0.01060   0.00100   0.00457   0.00059   0.00000   0.00249   0.00526   0.00325   0.00140
   1.00000  10.60200   4.15270  28.99000   0.91162  11.03276   1.95000   1.07646   0.04957   0.04948   0.01426   0.01060   0.00100   0.00677   0.00059   0.00000   0.00216   0.00517   0.00325   0.00140
   1.00000  10.60200   4.13064  28.99000   0.90368  10.97415   2.05000   0.92570   0.04559   0.04549   0.01476   0.01060   0.00100   0.00787   0.00059   0.00000   0.00191   0.00511   0.00325   0.00140
   1.00000  10.60200   4.10858  28.99000   0.89580  10.91555   2.15000   0.79662   0.03983   0.03971   0.01340   0.01060   0.00100   0.00496   0.00059   0.00000   0.00170   0.00507   0.00325   0.00140
   1.00000  10.60200   4.08652  28.99000   0.88798  10.85694   2.25000   0.68060   0.03581   0.03569   0.01300   0.01060   0.00100   0.00387   0.00059   0.00000   0.00154   0.00505   0.00325   0.00140
   1.00000  10.60200   4.06446  28.99000   0.88020  10.79834   2.35000   0.71975   0.03408   0.03395   0.01286   0.01060   0.00100   0.00344   0.00059   0.00000   0.00140   0.00504   0.00325   0.00140
   1.00000  10.60200   4.04240  28.99000   0.87248  10.73973   2.45000   0.84929   0.03317   0.03303   0.01239   0.01060   0.00100   0.00068   0.00059   0.00000   0.00128   0.00503   0.00325   0.00140
   1.00000  10.60200   4.02034  28.99000   0.86481  10.68113   2.55000   0.89062   0.03215   0.03199   0.01315   0.01060   0.00100   0.00449   0.00059   0.00000   0.00118   0.00502   0.00325   0.00140
   1.00000  10.60200   3.99828  28.99000   0.85720  10.62252   2.65000   0.84588   0.02913   0.02896   0.01659   0.01060   0.00100   0.01108   0.00059   0.00000   0.00110   0.00502   0.00325   0.00140
   1.00000  10.60200   3.97623  28.99000   0.84963  10.56392   2.75000   0.76266   0.02785   0.02767   0.02178   0.01060   0.00100   0.01795   0.00059   0.00000   0.00102   0.00501   0.00325   0.00140
   1.00000  10.60200   3.95417  28.99000   0.84211  10.50531   2.85000   0.69244   0.02555   0.02535   0.02386   0.01060   0.00100   0.02043   0.00059   0.00000   0.00096   0.00501   0.00325   0.00140
   1.00000  10.60200   3.93211  28.99000   0.83464  10.44671   2.95000   0.64476   0.02402   0.02381   0.01947   0.01060   0.00100   0.01506   0.00059   0.00000   0.00090   0.00501   0.00325   0.00140
   1.00000  10.60200   3.91005  28.99000   0.82723  10.38810   3.05000   0.72339   0.02302   0.02280   0.01466   0.01060   0.00100   0.00793   0.00059   0.00000   0.00085   0.00501   0.00325   0.00140
   1.00000  10.60200   3.88799  28.99000   0.81986  10.32949   3.15000   0.72498   0.02203   0.02181   0.01299   0.01060   0.00100   0.00410   0.00059   0.00000   0.00080   0.00501   0.00325   0.00140
   1.00000  10.60200   3.86593  28.99000   0.81254  10.27089   3.25000   0.78786   0.02146   0.02123   0.01277   0.01060   0.00100   0.00337   0.00059   0.00000   0.00076   0.00501   0.00325   0.00140
   1.00000  10.60200   3.84387  28.99000   0.80526  10.21228   3.35000   0.72897   0.02015   0.01990   0.01274   0.01060   0.00100   0.00325   0.00059   0.00000   0.00072   0.00501   0.00325   0.00140
   1.00000  10.60200   3.82181  28.99000   0.79804  10.15368   3.45000   0.75984   0.01959   0.01932   0.01293   0.01060   0.00100   0.00395   0.00059   0.00000   0.00069   0.00500   0.00325   0.00140
   1.00000  10.60200   3.79975  28.99000   0.79086  10.09507   3.55000   0.74525   0.01896   0.01869   0.01298   0.01060   0.00100   0.00411   0.00059   0.00000   0.00065   0.00500   0.00325   0.00140
   1.00000  10.60200   3.77770  28.99000   0.78372  10.03647   3.65000   0.74871   0.01811   0.01783   0.01312   0.01060   0.00100   0.00452   0.00059   0.00000   0.00063   0.00500   0.00325   0.00140
   1.00000  10.60200   3.75564  28.99000   0.77664   9.97786   3.75000   0.74979   0.01727   0.01696   0.01304   0.01060   0.00100   0.00430   0.00059   0.00000   0.00060   0.00500   0.00325   0.00140
   1.00000  10.60200   3.73358  28.99000   0.76960   9.91926   3.85000   0.73328   0.01642   0.01611   0.01295   0.01060   0.00100   0.00400   0.00059   0.00000   0.00057   0.00500   0.00325   0.00140
   1.00000  10.60200   3.71152  28.99000   0.76260   9.86065   3.95000   0.75007   0.01582   0.01550   0.01282   0.01060   0.00100   0.00357   0.00059   0.00000   0.00055   0.00500   0.00325   0.00140
   1.00000  10.60200   3.68946  28.99000   0.75565   9.80204   4.05000   0.73184   0.01533   0.01500   0.01273   0.01060   0.00100   0.00324   0.00059   0.00000   0.00053   0.00500   0.00325   0.00140
   1.00000  10.60200   3.66740  28.99000   0.74874   9.74344   4.15000   0.73865   0.01470   0.01435   0.01264   0.01060   0.00100   0.00287   0.00059   0.00000   0.00051   0.00500   0.00325   0.00140
   1.00000  10.60200   3.64534  28.99000   0.74188   9.68483   4.25000   0.72524   0.01418   0.01381   0.01255   0.01060   0.00100   0.00246   0.00059   0.00000   0.00049   0.00500   0.00325   0.00140
   1.00000  10.60200   3.62328  28.99000   0.73506   9.62623   4.35000   0.71441   0.01373   0.01336   0.01251   0.01060   0.00100   0.00222   0.00059   0.00000   0.00048   0.00500   0.00325   0.00140
   1.00000  10.60200   3.60122  28.99000   0.72828   9.56762   4.45000   0.71531   0.01325   0.01286   0.01242   0.01060   0.00100   0.00166   0.00059   0.00000   0.00046   0.00500   0.00325   0.00140
   1.00000  10.60200   3.57916  28.99000   0.72155   9.50902   4.55000   0.72772   0.01286   0.01246   0.01236   0.01060   0.00100   0.00115   0.00059   0.00000   0.00044   0.00500   0.00325   0.00140
   1.00000  10.60200   3.55711  28.99000   0.71485   9.45041   4.65000   0.74377   0.01247   0.01207   0.01234   0.01060   0.00100   0.00093   0.00059   0.00000   0.00043   0.00500   0.00325   0.00140
   1.00000  10.60200   3.53505  28.99000   0.70820   9.39181   4.75000   0.70912   0.01204   0.01162   0.01233   0.01060   0.00100   0.00071   0.00059   0.00000   0.00042   0.00500   0.00325   0.00140
   1.00000  10.60200   3.51299  28.99000   0.70159   9.33320   4.85000   0.72104   0.01173   0.01130   0.01232   0.01060   0.00100   0.00066   0.00059   0.00000   0.00040   0.00500   0.00325   0.00140
   1.00000  10.60200   3.49093  28.99000   0.69503   9.27460   4.95000   0.72455   0.01144   0.01100   0.01232   0.01060   0.00100   0.00055   0.00059   0.00000   0.00039   0.00500   0.00325   0.00140
   1.00000  10.60200   3.46887  28.99000   0.68850   9.21599   5.05000   0.72447   0.01118   0.01073   0.01231   0.01060   0.00100   0.00037   0.00059   0.00001   0.00038   0.00500   0.00325   0.00140
   1.00000  10.60200   3.44681  28.99000   0.68201   9.15739   5.15000   0.73334   0.01091   0.01046   0.01230   0.01060   0.00100   0.00007   0.00059   0.00001   0.00037   0.00500   0.00325   0.00140
   1.00000  10.60200   3.42475  28.99000   0.67556   9.09878   5.25000   0.73717   0.01072   0.01026   0.01230   0.01060   0.00100   0.00015   0.00059   0.00001   0.00036   0.00500   0.00325   0.00140
   1.00000  10.60200   3.40269  28.99000   0.66916   9.04017   5.35000   0.72357   0.01056   0.01011   0.01230   0.01060   0.00100   0.00017   0.00059   0.00001   0.00035   0.00500   0.00325   0.00140
   1.00000  10.60200   3.38064  28.99000   0.66279   8.98157   5.45000   0.73881   0.01054   0.01009   0.01231   0.01060   0.00100   0.00023   0.00059   0.00001   0.00034   0.00500   0.00325   0.00140
   1.00000  10.60200   3.35858  28.99000   0.65646   8.92296   5.55000   0.73172   0.01060   0.01015   0.01231   0.01060   0.00100   0.00024   0.00059   0.00001   0.00033   0.00500   0.00325   0.00140
   1.00000  10.60200   1.98882  32.97500   0.42030   6.79338  10.25000   0.80259   0.01202   0.01161   0.01368   0.01130   0.00100   0.00064   0.00106   0.00065   0.00015   0.00506   0.00538   0.00140
   1.00000  10.60200   1.93213  32.97500   0.40565   6.59975  10.55000   0.80603   0.01046   0.00997   0.01368   0.01130   0.00100   0.00008   0.00106   0.00084   0.00014   0.00507   0.00538   0.00140
   1.00000  10.60200   1.87544  32.97500   0.39120   6.40613  10.85000   0.82148   0.00972   0.00918   0.01373   0.01130   0.00100   0.00083   0.00106   0.00109   0.00014   0.00509   0.00538   0.00140
   1.00000  10.60200   1.81876  32.97500   0.37692   6.21250  11.15000   0.81755   0.00914   0.00857   0.01386   0.01130   0.00100   0.00177   0.00106   0.00142   0.00013   0.00511   0.00538   0.00140
   1.00000  10.60200   1.76207  32.97500   0.36283   6.01887  11.45000   0.82501   0.00858   0.00797   0.01397   0.01130   0.00100   0.00216   0.00106   0.00184   0.00013   0.00514   0.00538   0.00140
   1.00000  10.60200   1.70539  32.97500   0.34892   5.82525  11.75000   0.82018   0.00809   0.00743   0.01403   0.01130   0.00100   0.00192   0.00106   0.00238   0.00012   0.00518   0.00538   0.00140
   1.00000  10.60200   1.64870  32.97500   0.33519   5.63162  12.05000   0.82257   0.00763   0.00693   0.01410   0.01130   0.00100   0.00117   0.00106   0.00308   0.00012   0.00523   0.00538   0.00140
   1.00000  10.60200   1.59202  32.97500   0.32163   5.43799  12.35000   0.82885   0.00728   0.00654   0.01431   0.01130   0.00100   0.00039   0.00106   0.00396   0.00012   0.00530   0.00538   0.00140
   1.00000  10.60200   1.53533  32.97500   0.30824   5.24437  12.65000   0.83691   0.00756   0.00683   0.01469   0.01130   0.00100   0.00054   0.00106   0.00508   0.00011   0.00538   0.00538   0.00140
   1.00000  10.60200   2.49899  32.97500   0.56137   8.53602   7.55000   0.74365   0.01435   0.01381   0.01304   0.01130   0.00100   0.00013   0.00065   0.00007   0.00022   0.00501   0.00373   0.00140
   1.00000  10.60200   2.44230  32.97500   0.54483   8.34239   7.85000   0.75251   0.01175   0.01111   0.01307   0.01130   0.00100   0.00081   0.00065   0.00009   0.00021   0.00501   0.00373   0.00140
   1.00000  10.60200   2.38562  32.97500   0.52851   8.14877   8.15000   0.75792   0.01041   0.00971   0.01310   0.01130   0.00100   0.00117   0.00065   0.00011   0.00020   0.00501   0.00373   0.00140
   1.00000  10.60200   2.32893  32.97500   0.51242   7.95514   8.45000   0.75610   0.00962   0.00888   0.01306   0.01130   0.00100   0.00050   0.00065   0.00014   0.00019   0.00502   0.00373   0.00140
   1.00000  10.60200   2.27224  32.97500   0.49654   7.76151   8.75000   0.76823   0.00909   0.00831   0.01305   0.01130   0.00100   0.00029   0.00065   0.00018   0.00018   0.00502   0.00373   0.00140
   1.00000  10.60200   2.21556  32.97500   0.48088   7.56789   9.05000   0.77855   0.00860   0.00777   0.01307   0.01130   0.00100   0.00066   0.00065   0.00023   0.00017   0.00502   0.00373   0.00140
   1.00000  10.60200   2.15887  32.97500   0.46543   7.37426   9.35000   0.77745   0.00815   0.00727   0.01312   0.01130   0.00100   0.00129   0.00065   0.00030   0.00017   0.00503   0.00373   0.00140
   1.00000  10.60200   2.10219  32.97500   0.45019   7.18063   9.65000   0.79146   0.00776   0.00681   0.01313   0.01130   0.00100   0.00137   0.00065   0.00039   0.00016   0.00504   0.00373   0.00140
   1.00000  10.60200   2.04550  32.97500   0.43515   6.98701   9.95000   0.79020   0.00735   0.00638   0.01312   0.01130   0.00100   0.00122   0.00065   0.00050   0.00015   0.00504   0.00373   0.00140
   1.00000  10.60200   1.98882  32.97500   0.42030   6.79338  10.25000   0.79315   0.00709   0.00607   0.01309   0.01130   0.00100   0.00064   0.00065   0.00065   0.00015   0.00506   0.00373   0.00140
   1.00000  10.60200   1.93213  32.97500   0.40565   6.59975  10.55000   0.79716   0.00693   0.00593   0.01309   0.01130   0.00100   0.00008   0.00065   0.00084   0.00014   0.00507   0.00373   0.00140
   1.00000  10.60200   3.07529  32.97500   0.74373  10.50456   4.50000   0.74774   0.01491   0.01454   0.01291   0.01130   0.00100   0.00198   0.00213   0.00001   0.00045   0.00500   0.00151   0.00140
   1.00000  10.60200   3.03750  32.97500   0.73092  10.37547   4.70000   0.71757   0.01292   0.01249   0.01281   0.01130   0.00100   0.00121   0.00213   0.00001   0.00042   0.00500   0.00151   0.00140
   1.00000  10.60200   2.99971  32.97500   0.71824  10.24639   4.90000   0.71887   0.01146   0.01099   0.01277   0.01130   0.00100   0.00056   0.00213   0.00001   0.00040   0.00500   0.00151   0.00140
   1.00000  10.60200   2.96192  32.97500   0.70568  10.11730   5.10000   0.72661   0.01052   0.01001   0.01276   0.01130   0.00100   0.00029   0.00213   0.00001   0.00038   0.00500   0.00151   0.00140
   1.00000  10.60200   2.92413  32.97500   0.69325   9.98822   5.30000   0.72665   0.00984   0.00931   0.01275   0.01130   0.00100   0.00001   0.00213   0.00002   0.00036   0.00500   0.00151   0.00140
   1.00000  10.60200   2.88634  32.97500   0.68094   9.85913   5.50000   0.72684   0.00932   0.00875   0.01276   0.01130   0.00100   0.00039   0.00213   0.00002   0.00034   0.00500   0.00151   0.00140
   1.00000  10.60200   2.84855  32.97500   0.66875   9.73005   5.70000   0.73893   0.00882   0.00822   0.01277   0.01130   0.00100   0.00062   0.00213   0.00002   0.00032   0.00500   0.00151   0.00140
   1.00000  10.60200   2.81076  32.97500   0.65667   9.60097   5.90000   0.73629   0.00838   0.00774   0.01278   0.01130   0.00100   0.00080   0.00213   0.00002   0.00031   0.00500   0.00151   0.00140
   1.00000  10.60200   2.77297  32.97500   0.64472   9.47188   6.10000   0.74054   0.00795   0.00729   0.01277   0.01130   0.00100   0.00071   0.00213   0.00002   0.00029   0.00500   0.00151   0.00140
   1.00000  10.60200   2.73518  32.97500   0.63288   9.34280   6.30000   0.74418   0.00762   0.00692   0.01277   0.01130   0.00100   0.00065   0.00213   0.00003   0.00028   0.00500   0.00151   0.00140
   1.00000  10.60200   2.69739  32.97500   0.62115   9.21371   6.50000   0.73945   0.00733   0.00660   0.01277   0.01130   0.00100   0.00075   0.00213   0.00003   0.00027   0.00501   0.00151   0.00140
   1.00000  10.60200   2.65960  32.97500   0.60953   9.08463   6.70000   0.74528   0.00704   0.00628   0.01278   0.01130   0.00100   0.00089   0.00213   0.00004   0.00026   0.00501   0.00151   0.00140
   1.00000  10.60200   2.62181  32.97500   0.59803   8.95554   6.90000   0.75771   0.00678   0.00598   0.01279   0.01130   0.00100   0.00095   0.00213   0.00004   0.00025   0.00501   0.00151   0.00140
   1.00000  10.60200   2.58402  32.97500   0.58663   8.82646   7.10000   0.74857   0.00655   0.00572   0.01277   0.01130   0.00100   0.00077   0.00213   0.00005   0.00024   0.00501   0.00151   0.00140
   1.00000  10.60200   2.54623  32.97500   0.57534   8.69737   7.30000   0.75201   0.00636   0.00550   0.01276   0.01130   0.00100   0.00036   0.00213   0.00006   0.00023   0.00501   0.00151   0.00140
   1.00000  10.60200   2.50843  32.97500   0.56415   8.56829   7.50000   0.76118   0.00616   0.00527   0.01275   0.01130   0.00100   0.00002   0.00213   0.00007   0.00022   0.00501   0.00151   0.00140
   1.00000  10.60200   2.47064  32.97500   0.55307   8.43921   7.70000   0.76158   0.00600   0.00510   0.01277   0.01130   0.00100   0.00065   0.00213   0.00008   0.00021   0.00501   0.00151   0.00140
   1.00000  10.60200   2.43285  32.97500   0.54209   8.31012   7.90000   0.75719   0.00585   0.00494   0.01277   0.01130   0.00100   0.00061   0.00213   0.00009   0.00021   0.00501   0.00151   0.00140
   1.00000  10.60200   2.39506  32.97500   0.53121   8.18104   8.10000   0.76480   0.00576   0.00486   0.01280   0.01130   0.00100   0.00110   0.00213   0.00011   0.00020   0.00501   0.00151   0.00140
   1.00000  10.60200   2.35727  32.97500   0.52043   8.05195   8.30000   0.76751   0.00587   0.00500   0.01278   0.01130   0.00100   0.00088   0.00213   0.00013   0.00019   0.00501   0.00151   0.00140
   1.00000  10.60200   3.68939  32.97500   0.97150  12.60218   1.25000  10.70965   0.18410   0.18407   0.07595   0.01130   0.00100   0.07171   0.00132   0.00005   0.01536   0.01593   0.00196   0.00140
   1.00000  10.60200   3.67049  32.97500   0.96389  12.53764   1.35000   2.76231   0.12693   0.12689   0.04188   0.01130   0.00100   0.03823   0.00132   0.00001   0.00862   0.00908   0.00196   0.00140
   1.00000  10.60200   3.65160  32.97500   0.95632  12.47310   1.45000   2.23094   0.11927   0.11923   0.02056   0.01130   0.00100   0.01450   0.00132   0.00001   0.00589   0.00643   0.00196   0.00140
   1.00000  10.60200   3.63270  32.97500   0.94880  12.40855   1.55000   1.44402   0.08764   0.08758   0.01646   0.01130   0.00100   0.00894   0.00132   0.00001   0.00444   0.00591   0.00196   0.00140
   1.00000  10.60200   3.61381  32.97500   0.94131  12.34401   1.65000   1.26544   0.07138   0.07131   0.01401   0.01130   0.00100   0.00395   0.00132   0.00001   0.00354   0.00564   0.00196   0.00140
   1.00000  10.60200   3.59491  32.97500   0.93386  12.27947   1.75000   1.17221   0.06563   0.06555   0.01583   0.01130   0.00100   0.00874   0.00132   0.00001   0.00293   0.00542   0.00196   0.00140
   1.00000  10.60200   3.57602  32.97500   0.92646  12.21493   1.85000   1.19553   0.05860   0.05853   0.01596   0.01130   0.00100   0.00920   0.00132   0.00001   0.00249   0.00527   0.00196   0.00140
   1.00000  10.60200   3.55712  32.97500   0.91909  12.15038   1.95000   0.95723   0.05364   0.05355   0.01565   0.01130   0.00100   0.00879   0.00132   0.00001   0.00216   0.00517   0.00196   0.00140
   1.00000  10.60200   3.53823  32.97500   0.91176  12.08584   2.05000   1.01737   0.04920   0.04912   0.01462   0.01130   0.00100   0.00690   0.00132   0.00001   0.00191   0.00512   0.00196   0.00140
   1.00000  10.60200   3.51933  32.97500   0.90447  12.02130   2.15000   0.80897   0.04323   0.04312   0.01287   0.01130   0.00100   0.00094   0.00132   0.00001   0.00170   0.00507   0.00196   0.00140
   1.00000  10.60200   3.50044  32.97500   0.89722  11.95676   2.25000   0.70674   0.03996   0.03985   0.01515   0.01130   0.00100   0.00809   0.00132   0.00001   0.00154   0.00505   0.00196   0.00140
   1.00000  10.60200   3.48154  32.97500   0.89001  11.89222   2.35000   0.73454   0.03740   0.03728   0.01569   0.01130   0.00100   0.00909   0.00132   0.00001   0.00140   0.00504   0.00196   0.00140
   1.00000  10.60200   3.46264  32.97500   0.88284  11.82767   2.45000   0.89884   0.03656   0.03644   0.01383   0.01130   0.00100   0.00530   0.00132   0.00001   0.00128   0.00503   0.00196   0.00140
   1.00000  10.60200   3.44375  32.97500   0.87570  11.76313   2.55000   0.93332   0.03453   0.03440   0.01445   0.01130   0.00100   0.00677   0.00132   0.00001   0.00118   0.00503   0.00196   0.00140
   1.00000  10.60200   3.42485  32.97500   0.86861  11.69859   2.65000   0.88914   0.03295   0.03281   0.01603   0.01130   0.00100   0.00972   0.00132   0.00001   0.00110   0.00502   0.00196   0.00140
   1.00000  10.60200   3.40596  32.97500   0.86155  11.63405   2.75000   0.77198   0.03007   0.02991   0.02037   0.01130   0.00100   0.01589   0.00132   0.00001   0.00102   0.00502   0.00196   0.00140
   1.00000  10.60200   3.38706  32.97500   0.85452  11.56950   2.85000   0.67839   0.02793   0.02776   0.02344   0.01130   0.00100   0.01968   0.00132   0.00001   0.00096   0.00501   0.00196   0.00140
   1.00000  10.60200   3.36817  32.97500   0.84754  11.50496   2.95000   0.66689   0.02585   0.02568   0.01935   0.01130   0.00100   0.01457   0.00132   0.00001   0.00090   0.00501   0.00196   0.00140
   1.00000  10.60200   3.34927  32.97500   0.84059  11.44042   3.05000   0.70411   0.02515   0.02497   0.01542   0.01130   0.00100   0.00869   0.00132   0.00001   0.00085   0.00501   0.00196   0.00140
   1.00000  10.60200   3.33038  32.97500   0.83367  11.37588   3.15000   0.72412   0.02416   0.02396   0.01409   0.01130   0.00100   0.00604   0.00132   0.00001   0.00080   0.00501   0.00196   0.00140
   1.00000  10.60200   3.31148  32.97500   0.82679  11.31134   3.25000   0.78632   0.02368   0.02347   0.01405   0.01130   0.00100   0.00597   0.00132   0.00001   0.00076   0.00501   0.00196   0.00140
   1.00000  10.60200   3.29259  32.97500   0.81995  11.24679   3.35000   0.78632   0.02250   0.02228   0.01415   0.01130   0.00100   0.00619   0.00132   0.00001   0.00072   0.00501   0.00196   0.00140
   1.00000  10.60200   3.27369  32.97500   0.81314  11.18225   3.45000   0.74574   0.02127   0.02104   0.01418   0.01130   0.00100   0.00626   0.00132   0.00001   0.00069   0.00501   0.00196   0.00140
   1.00000  10.60200   3.25480  32.97500   0.80637  11.11771   3.55000   0.78673   0.02037   0.02013   0.01412   0.01130   0.00100   0.00614   0.00132   0.00001   0.00065   0.00501   0.00196   0.00140
   1.00000  10.60200   3.23590  32.97500   0.79963  11.05317   3.65000   0.76763   0.01952   0.01927   0.01408   0.01130   0.00100   0.00604   0.00132   0.00001   0.00063   0.00500   0.00196   0.00140
   1.00000  10.60200   3.21701  32.97500   0.79293  10.98862   3.75000   0.77617   0.01833   0.01808   0.01387   0.01130   0.00100   0.00554   0.00132   0.00001   0.00060   0.00500   0.00196   0.00140
   1.00000  10.60200   3.19811  32.97500   0.78626  10.92408   3.85000   0.75485   0.01815   0.01788   0.01368   0.01130   0.00100   0.00506   0.00132   0.00001   0.00057   0.00500   0.00196   0.00140
   1.00000  10.60200   3.17922  32.97500   0.77962  10.85954   3.95000   0.76342   0.01717   0.01688   0.01345   0.01130   0.00100   0.00438   0.00132   0.00001   0.00055   0.00500   0.00196   0.00140
   1.00000  10.60200   3.16032  32.97500   0.77302  10.79500   4.05000   0.74358   0.01655   0.01625   0.01335   0.01130   0.00100   0.00408   0.00132   0.00001   0.00053   0.00500   0.00196   0.00140
   1.00000  10.60200   3.14143  32.97500   0.76646  10.73046   4.15000   0.72359   0.01569   0.01539   0.01317   0.01130   0.00100   0.00345   0.00132   0.00001   0.00051   0.00500   0.00196   0.00140
   1.00000  10.60200   3.12253  32.97500   0.75992  10.66591   4.25000   0.74193   0.01526   0.01494   0.01308   0.01130   0.00100   0.00310   0.00132   0.00001   0.00049   0.00500   0.00196   0.00140
   1.00000  10.60200   3.10364  32.97500   0.75342  10.60137   4.35000   0.72642   0.01473   0.01440   0.01299   0.01130   0.00100   0.00267   0.00132   0.00001   0.00048   0.00500   0.00196   0.00140
   1.00000  10.60200   3.08474  32.97500   0.74695  10.53683   4.45000   0.72946   0.01423   0.01388   0.01290   0.01130   0.00100   0.00221   0.00132   0.00001   0.00046   0.00500   0.00196   0.00140
   1.00000  10.60200   3.06584  32.97500   0.74051  10.47229   4.55000   0.71906   0.01371   0.01336   0.01283   0.01130   0.00100   0.00174   0.00132   0.00001   0.00044   0.00500   0.00196   0.00140
   1.00000  10.60200   3.04695  32.97500   0.73411  10.40774   4.65000   0.72606   0.01329   0.01293   0.01278   0.01130   0.00100   0.00135   0.00132   0.00001   0.00043   0.00500   0.00196   0.00140
   1.00000  10.60200   3.02805  32.97500   0.72774  10.34320   4.75000   0.72555   0.01279   0.01243   0.01275   0.01130   0.00100   0.00106   0.00132   0.00001   0.00042   0.00500   0.00196   0.00140
   1.00000  10.60200   3.00916  32.97500   0.72140  10.27866   4.85000   0.73288   0.01255   0.01217   0.01273   0.01130   0.00100   0.00077   0.00132   0.00001   0.00040   0.00500   0.00196   0.00140
   1.00000  10.60200   2.99026  32.97500   0.71509  10.21412   4.95000   0.72999   0.01219   0.01180   0.01271   0.01130   0.00100   0.00046   0.00132   0.00001   0.00039   0.00500   0.00196   0.00140
   1.00000  10.60200   2.97137  32.97500   0.70881  10.14957   5.05000   0.73519   0.01186   0.01147   0.01271   0.01130   0.00100   0.00037   0.00132   0.00001   0.00038   0.00500   0.00196   0.00140
   1.00000  10.60200   2.95247  32.97500   0.70256  10.08503   5.15000   0.73557   0.01168   0.01128   0.01271   0.01130   0.00100   0.00015   0.00132   0.00001   0.00037   0.00500   0.00196   0.00140
   1.00000  10.60200   2.93358  32.97500   0.69634  10.02049   5.25000   0.72673   0.01151   0.01111   0.01270   0.01130   0.00100   0.00004   0.00132   0.00001   0.00036   0.00500   0.00196   0.00140
   1.00000  10.60200   2.91468  32.97500   0.69016   9.95595   5.35000   0.74355   0.01149   0.01110   0.01271   0.01130   0.00100   0.00012   0.00132   0.00002   0.00035   0.00500   0.00196   0.00140
   1.00000  10.60200   2.89579  32.97500   0.68400   9.89141   5.45000   0.74086   0.01152   0.01113   0.01271   0.01130   0.00100   0.00035   0.00132   0.00002   0.00034   0.00500   0.00196   0.00140
   1.00000  10.60200   1.55023  38.97500   0.43073   7.31641  10.55000   0.78993   0.01514   0.01457   0.01445   0.01130   0.00100   0.00177   0.00369   0.00263   0.00014   0.00514   0.00470   0.00280
   1.00000  10.60200   1.50475  38.97500   0.41600   7.10176  10.85000   0.78982   0.01201   0.01132   0.01472   0.01130   0.00100   0.00255   0.00369   0.00331   0.00014   0.00518   0.00470   0.00280
   1.00000  10.60200   1.45926  38.97500   0.40142   6.88711  11.15000   0.79622   0.01071   0.00996   0.01506   0.01130   0.00100   0.00317   0.00369   0.00415   0.00013   0.00522   0.00470   0.00280
   1.00000  10.60200   1.41378  38.97500   0.38699   6.67245  11.45000   0.79810   0.00991   0.00910   0.01570   0.01130   0.00100   0.00439   0.00369   0.00519   0.00013   0.00528   0.00470   0.00280
   1.00000  10.60200   1.36830  38.97500   0.37269   6.45780  11.75000   0.80500   0.00917   0.00830   0.01660   0.01130   0.00100   0.00573   0.00369   0.00646   0.00012   0.00535   0.00470   0.00280
   1.00000  10.60200   1.32282  38.97500   0.35854   6.24315  12.05000   0.81935   0.00852   0.00757   0.01744   0.01130   0.00100   0.00622   0.00369   0.00798   0.00012   0.00544   0.00470   0.00280
   1.00000  10.60200   1.27734  38.97500   0.34452   6.02850  12.35000   0.81035   0.00797   0.00691   0.01825   0.01130   0.00100   0.00588   0.00369   0.00977   0.00012   0.00555   0.00470   0.00280
   1.00000  10.60200   1.23186  38.97500   0.33064   5.81385  12.65000   0.81099   0.00745   0.00632   0.01932   0.01130   0.00100   0.00533   0.00369   0.01184   0.00011   0.00568   0.00470   0.00280
   1.00000  10.60200   1.18638  38.97500   0.31690   5.59919  12.95000   0.81902   0.00728   0.00617   0.02080   0.01130   0.00100   0.00505   0.00369   0.01417   0.00011   0.00585   0.00470   0.00280
   1.00000  10.60200   1.91408  38.97500   0.55410   9.03363   8.15000   0.76029   0.01618   0.01575   0.01300   0.01100   0.00100   0.00151   0.00247   0.00043   0.00020   0.00503   0.00233   0.00280
   1.00000  10.60200   1.86860  38.97500   0.53812   8.81898   8.45000   0.77449   0.01286   0.01234   0.01308   0.01100   0.00100   0.00202   0.00247   0.00053   0.00019   0.00503   0.00233   0.00280
   1.00000  10.60200   1.82311  38.97500   0.52230   8.60433   8.75000   0.76530   0.01126   0.01069   0.01303   0.01100   0.00100   0.00160   0.00247   0.00067   0.00018   0.00504   0.00233   0.00280
   1.00000  10.60200   1.77763  38.97500   0.50664   8.38967   9.05000   0.77981   0.01040   0.00979   0.01305   0.01100   0.00100   0.00164   0.00247   0.00083   0.00017   0.00505   0.00233   0.00280
   1.00000  10.60200   1.73215  38.97500   0.49115   8.17502   9.35000   0.77677   0.00969   0.00903   0.01311   0.01100   0.00100   0.00195   0.00247   0.00105   0.00017   0.00506   0.00233   0.00280
   1.00000  10.60200   1.68667  38.97500   0.47581   7.96037   9.65000   0.79774   0.00904   0.00835   0.01321   0.01100   0.00100   0.00236   0.00247   0.00132   0.00016   0.00507   0.00233   0.00280
   1.00000  10.60200   1.64119  38.97500   0.46063   7.74572   9.95000   0.79306   0.00847   0.00774   0.01344   0.01100   0.00100   0.00324   0.00247   0.00166   0.00015   0.00509   0.00233   0.00280
   1.00000  10.60200   1.59571  38.97500   0.44561   7.53106  10.25000   0.79708   0.00803   0.00723   0.01353   0.01100   0.00100   0.00333   0.00247   0.00209   0.00015   0.00511   0.00233   0.00280
   1.00000  10.60200   1.55023  38.97500   0.43073   7.31641  10.55000   0.80007   0.00756   0.00671   0.01334   0.01100   0.00100   0.00177   0.00247   0.00263   0.00014   0.00514   0.00233   0.00280
   1.00000  10.60200   1.50475  38.97500   0.41600   7.10176  10.85000   0.80421   0.00723   0.00634   0.01362   0.01100   0.00100   0.00255   0.00247   0.00331   0.00014   0.00518   0.00233   0.00280
   1.00000  10.60200   1.45926  38.97500   0.40142   6.88711  11.15000   0.80578   0.00716   0.00631   0.01400   0.01100   0.00100   0.00317   0.00247   0.00415   0.00013   0.00522   0.00233   0.00280
   1.00000  10.60200   2.37647  38.97500   0.72663  11.21593   5.10000   0.73111   0.01571   0.01544   0.01297   0.01130   0.00100   0.00048   0.00209   0.00006   0.00038   0.00501   0.00137   0.00280
   1.00000  10.60200   2.34615  38.97500   0.71472  11.07283   5.30000   0.73546   0.01354   0.01322   0.01296   0.01130   0.00100   0.00001   0.00209   0.00007   0.00036   0.00501   0.00137   0.00280
   1.00000  10.60200   2.31583  38.97500   0.70290  10.92973   5.50000   0.74582   0.01199   0.01164   0.01296   0.01130   0.00100   0.00013   0.00209   0.00008   0.00034   0.00501   0.00137   0.00280
   1.00000  10.60200   2.28551  38.97500   0.69117  10.78662   5.70000   0.72395   0.01089   0.01051   0.01297   0.01130   0.00100   0.00036   0.00209   0.00009   0.00032   0.00501   0.00137   0.00280
   1.00000  10.60200   2.25519  38.97500   0.67953  10.64352   5.90000   0.72884   0.01018   0.00977   0.01299   0.01130   0.00100   0.00082   0.00209   0.00010   0.00031   0.00501   0.00137   0.00280
   1.00000  10.60200   2.22487  38.97500   0.66796  10.50042   6.10000   0.74066   0.00961   0.00918   0.01299   0.01130   0.00100   0.00093   0.00209   0.00011   0.00029   0.00501   0.00137   0.00280
   1.00000  10.60200   2.19454  38.97500   0.65648  10.35732   6.30000   0.74416   0.00910   0.00864   0.01301   0.01130   0.00100   0.00110   0.00209   0.00012   0.00028   0.00501   0.00137   0.00280
   1.00000  10.60200   2.16422  38.97500   0.64509  10.21422   6.50000   0.73157   0.00862   0.00814   0.01300   0.01130   0.00100   0.00103   0.00209   0.00014   0.00027   0.00501   0.00137   0.00280
   1.00000  10.60200   2.13390  38.97500   0.63377  10.07112   6.70000   0.74038   0.00821   0.00770   0.01301   0.01130   0.00100   0.00112   0.00209   0.00016   0.00026   0.00501   0.00137   0.00280
   1.00000  10.60200   2.10358  38.97500   0.62254   9.92802   6.90000   0.74353   0.00781   0.00728   0.01305   0.01130   0.00100   0.00148   0.00209   0.00018   0.00025   0.00501   0.00137   0.00280
   1.00000  10.60200   2.07326  38.97500   0.61138   9.78491   7.10000   0.74973   0.00750   0.00694   0.01306   0.01130   0.00100   0.00159   0.00209   0.00021   0.00024   0.00501   0.00137   0.00280
   1.00000  10.60200   2.04294  38.97500   0.60031   9.64181   7.30000   0.74674   0.00715   0.00657   0.01308   0.01130   0.00100   0.00176   0.00209   0.00024   0.00023   0.00502   0.00137   0.00280
   1.00000  10.60200   2.01262  38.97500   0.58931   9.49871   7.50000   0.75233   0.00692   0.00631   0.01307   0.01130   0.00100   0.00166   0.00209   0.00027   0.00022   0.00502   0.00137   0.00280
   1.00000  10.60200   1.98230  38.97500   0.57839   9.35561   7.70000   0.74872   0.00664   0.00601   0.01305   0.01130   0.00100   0.00151   0.00209   0.00031   0.00021   0.00502   0.00137   0.00280
   1.00000  10.60200   1.95198  38.97500   0.56755   9.21251   7.90000   0.75978   0.00639   0.00574   0.01304   0.01130   0.00100   0.00132   0.00209   0.00036   0.00021   0.00502   0.00137   0.00280
   1.00000  10.60200   1.92166  38.97500   0.55678   9.06941   8.10000   0.75973   0.00618   0.00551   0.01306   0.01130   0.00100   0.00153   0.00209   0.00041   0.00020   0.00503   0.00137   0.00280
   1.00000  10.60200   1.89134  38.97500   0.54609   8.92630   8.30000   0.76271   0.00601   0.00532   0.01309   0.01130   0.00100   0.00173   0.00209   0.00048   0.00019   0.00503   0.00137   0.00280
   1.00000  10.60200   1.86102  38.97500   0.53547   8.78320   8.50000   0.76568   0.00584   0.00514   0.01314   0.01130   0.00100   0.00207   0.00209   0.00055   0.00019   0.00503   0.00137   0.00280
   1.00000  10.60200   1.83069  38.97500   0.52492   8.64010   8.70000   0.77091   0.00582   0.00513   0.01307   0.01130   0.00100   0.00151   0.00209   0.00064   0.00018   0.00504   0.00137   0.00280
   1.00000  10.60200   1.80037  38.97500   0.51445   8.49700   8.90000   0.77226   0.00600   0.00536   0.01309   0.01130   0.00100   0.00162   0.00209   0.00074   0.00018   0.00504   0.00137   0.00280
   1.00000  10.60200   2.96015  38.97500   0.97422  13.97063   1.25000  12.05077   0.26764   0.26764   0.07669   0.01130   0.00100   0.07245   0.00144   0.00032   0.01536   0.01600   0.00110   0.00280
   1.00000  10.60200   2.94499  38.97500   0.96731  13.89908   1.35000   3.89840   0.21087   0.21085   0.04343   0.01130   0.00100   0.03985   0.00144   0.00009   0.00862   0.00915   0.00110   0.00280
   1.00000  10.60200   2.92983  38.97500   0.96043  13.82753   1.45000   2.02561   0.13625   0.13622   0.02222   0.01130   0.00100   0.01668   0.00144   0.00005   0.00589   0.00639   0.00110   0.00280
   1.00000  10.60200   2.91466  38.97500   0.95358  13.75598   1.55000   1.79563   0.11542   0.11539   0.01473   0.01130   0.00100   0.00477   0.00144   0.00005   0.00444   0.00588   0.00110   0.00280
   1.00000  10.60200   2.89950  38.97500   0.94675  13.68443   1.65000   1.95311   0.10803   0.10800   0.01385   0.01130   0.00100   0.00276   0.00144   0.00005   0.00354   0.00565   0.00110   0.00280
   1.00000  10.60200   2.88434  38.97500   0.93995  13.61288   1.75000   1.53100   0.08366   0.08363   0.01356   0.01130   0.00100   0.00244   0.00144   0.00005   0.00293   0.00543   0.00110   0.00280
   1.00000  10.60200   2.86918  38.97500   0.93318  13.54133   1.85000   1.26225   0.07247   0.07242   0.01390   0.01130   0.00100   0.00440   0.00144   0.00004   0.00249   0.00528   0.00110   0.00280
   1.00000  10.60200   2.85402  38.97500   0.92643  13.46978   1.95000   1.11112   0.06485   0.06479   0.01476   0.01130   0.00100   0.00682   0.00144   0.00004   0.00216   0.00519   0.00110   0.00280
   1.00000  10.60200   2.83886  38.97500   0.91971  13.39823   2.05000   1.21537   0.06266   0.06260   0.01404   0.01130   0.00100   0.00524   0.00144   0.00004   0.00191   0.00513   0.00110   0.00280
   1.00000  10.60200   2.82370  38.97500   0.91302  13.32668   2.15000   0.89027   0.05440   0.05433   0.01299   0.01130   0.00100   0.00035   0.00144   0.00003   0.00170   0.00508   0.00110   0.00280
   1.00000  10.60200   2.80854  38.97500   0.90635  13.25513   2.25000   0.69497   0.04607   0.04600   0.01546   0.01130   0.00100   0.00844   0.00144   0.00003   0.00154   0.00505   0.00110   0.00280
   1.00000  10.60200   2.79338  38.97500   0.89970  13.18358   2.35000   0.85027   0.04427   0.04420   0.01482   0.01130   0.00100   0.00724   0.00144   0.00003   0.00140   0.00504   0.00110   0.00280
   1.00000  10.60200   2.77822  38.97500   0.89309  13.11202   2.45000   0.87245   0.04206   0.04198   0.01308   0.01130   0.00100   0.00205   0.00144   0.00003   0.00128   0.00504   0.00110   0.00280
   1.00000  10.60200   2.76306  38.97500   0.88650  13.04047   2.55000   0.91664   0.04065   0.04056   0.01404   0.01130   0.00100   0.00553   0.00144   0.00003   0.00118   0.00503   0.00110   0.00280
   1.00000  10.60200   2.74790  38.97500   0.87993  12.96892   2.65000   0.90334   0.03862   0.03852   0.01793   0.01130   0.00100   0.01245   0.00144   0.00003   0.00110   0.00503   0.00110   0.00280
   1.00000  10.60200   2.73274  38.97500   0.87339  12.89737   2.75000   0.81350   0.03475   0.03466   0.02352   0.01130   0.00100   0.01968   0.00144   0.00003   0.00102   0.00502   0.00110   0.00280
   1.00000  10.60200   2.71758  38.97500   0.86688  12.82582   2.85000   0.68089   0.03209   0.03197   0.02865   0.01130   0.00100   0.02559   0.00144   0.00003   0.00096   0.00501   0.00110   0.00280
   1.00000  10.60200   2.70242  38.97500   0.86038  12.75427   2.95000   0.70713   0.02978   0.02967   0.02370   0.01130   0.00100   0.01990   0.00144   0.00003   0.00090   0.00501   0.00110   0.00280
   1.00000  10.60200   2.68726  38.97500   0.85392  12.68272   3.05000   0.73542   0.02890   0.02879   0.01742   0.01130   0.00100   0.01174   0.00144   0.00003   0.00085   0.00501   0.00110   0.00280
   1.00000  10.60200   2.67210  38.97500   0.84748  12.61117   3.15000   0.74671   0.02768   0.02756   0.01475   0.01130   0.00100   0.00720   0.00144   0.00003   0.00080   0.00501   0.00110   0.00280
   1.00000  10.60200   2.65694  38.97500   0.84106  12.53962   3.25000   0.76839   0.02675   0.02662   0.01448   0.01130   0.00100   0.00665   0.00144   0.00003   0.00076   0.00501   0.00110   0.00280
   1.00000  10.60200   2.64178  38.97500   0.83467  12.46807   3.35000   0.79991   0.02567   0.02553   0.01446   0.01130   0.00100   0.00660   0.00144   0.00003   0.00072   0.00501   0.00110   0.00280
   1.00000  10.60200   2.62662  38.97500   0.82830  12.39652   3.45000   0.78981   0.02393   0.02379   0.01445   0.01130   0.00100   0.00660   0.00144   0.00003   0.00069   0.00501   0.00110   0.00280
   1.00000  10.60200   2.61146  38.97500   0.82196  12.32497   3.55000   0.77857   0.02314   0.02298   0.01446   0.01130   0.00100   0.00662   0.00144   0.00004   0.00065   0.00501   0.00110   0.00280
   1.00000  10.60200   2.59630  38.97500   0.81564  12.25342   3.65000   0.76661   0.02204   0.02188   0.01431   0.01130   0.00100   0.00629   0.00144   0.00004   0.00063   0.00501   0.00110   0.00280
   1.00000  10.60200   2.58114  38.97500   0.80935  12.18186   3.75000   0.76294   0.02098   0.02081   0.01421   0.01130   0.00100   0.00605   0.00144   0.00004   0.00060   0.00501   0.00110   0.00280
   1.00000  10.60200   2.56598  38.97500   0.80307  12.11031   3.85000   0.75290   0.02004   0.01986   0.01401   0.01130   0.00100   0.00557   0.00144   0.00004   0.00057   0.00501   0.00110   0.00280
   1.00000  10.60200   2.55081  38.97500   0.79683  12.03876   3.95000   0.77350   0.01917   0.01899   0.01387   0.01130   0.00100   0.00522   0.00144   0.00004   0.00055   0.00501   0.00110   0.00280
   1.00000  10.60200   2.53565  38.97500   0.79060  11.96721   4.05000   0.76269   0.01842   0.01823   0.01364   0.01130   0.00100   0.00456   0.00144   0.00004   0.00053   0.00501   0.00110   0.00280
   1.00000  10.60200   2.52049  38.97500   0.78440  11.89566   4.15000   0.75048   0.01757   0.01738   0.01347   0.01130   0.00100   0.00405   0.00144   0.00004   0.00051   0.00501   0.00110   0.00280
   1.00000  10.60200   2.50533  38.97500   0.77822  11.82411   4.25000   0.73867   0.01693   0.01672   0.01338   0.01130   0.00100   0.00373   0.00144   0.00004   0.00049   0.00501   0.00110   0.00280
   1.00000  10.60200   2.49017  38.97500   0.77207  11.75256   4.35000   0.73797   0.01613   0.01592   0.01324   0.01130   0.00100   0.00321   0.00144   0.00005   0.00048   0.00501   0.00110   0.00280
   1.00000  10.60200   2.47501  38.97500   0.76593  11.68101   4.45000   0.73557   0.01566   0.01544   0.01315   0.01130   0.00100   0.00280   0.00144   0.00005   0.00046   0.00501   0.00110   0.00280
   1.00000  10.60200   2.45985  38.97500   0.75983  11.60946   4.55000   0.73215   0.01504   0.01482   0.01309   0.01130   0.00100   0.00250   0.00144   0.00005   0.00044   0.00501   0.00110   0.00280
   1.00000  10.60200   2.44469  38.97500   0.75374  11.53791   4.65000   0.72624   0.01448   0.01424   0.01303   0.01130   0.00100   0.00220   0.00144   0.00005   0.00043   0.00501   0.00110   0.00280
   1.00000  10.60200   2.42953  38.97500   0.74768  11.46636   4.75000   0.73507   0.01386   0.01362   0.01299   0.01130   0.00100   0.00194   0.00144   0.00005   0.00042   0.00501   0.00110   0.00280
   1.00000  10.60200   2.41437  38.97500   0.74163  11.39481   4.85000   0.73159   0.01355   0.01330   0.01294   0.01130   0.00100   0.00155   0.00144   0.00006   0.00040   0.00501   0.00110   0.00280
   1.00000  10.60200   2.39921  38.97500   0.73562  11.32326   4.95000   0.72156   0.01314   0.01287   0.01289   0.01130   0.00100   0.00111   0.00144   0.00006   0.00039   0.00501   0.00110   0.00280
   1.00000  10.60200   2.38405  38.97500   0.72962  11.25170   5.05000   0.71343   0.01267   0.01240   0.01286   0.01130   0.00100   0.00058   0.00144   0.00006   0.00038   0.00501   0.00110   0.00280
   1.00000  10.60200   2.36889  38.97500   0.72364  11.18015   5.15000   0.73788   0.01248   0.01220   0.01285   0.01130   0.00100   0.00035   0.00144   0.00007   0.00037   0.00501   0.00110   0.00280
   1.00000  10.60200   2.35373  38.97500   0.71769  11.10860   5.25000   0.71636   0.01199   0.01171   0.01285   0.01130   0.00100   0.00007   0.00144   0.00007   0.00036   0.00501   0.00110   0.00280
   1.00000  10.60200   2.33857  38.97500   0.71176  11.03705   5.35000   0.73543   0.01172   0.01142   0.01285   0.01130   0.00100   0.00001   0.00144   0.00007   0.00035   0.00501   0.00110   0.00280
   1.00000  10.60200   2.32341  38.97500   0.70585  10.96550   5.45000   0.73302   0.01149   0.01119   0.01285   0.01130   0.00100   0.00006   0.00144   0.00008   0.00034   0.00501   0.00110   0.00280
   1.00000  10.60200   2.30825  38.97500   0.69996  10.89395   5.55000   0.71662   0.01122   0.01092   0.01285   0.01130   0.00100   0.00020   0.00144   0.00008   0.00033   0.00501   0.00110   0.00280
   1.00000  10.60200   2.29309  38.97500   0.69410  10.82240   5.65000   0.72163   0.01107   0.01077   0.01285   0.01130   0.00100   0.00043   0.00144   0.00009   0.00032   0.00501   0.00110   0.00280
   1.00000  10.60200   2.27793  38.97500   0.68825  10.75085   5.75000   0.71750   0.01096   0.01066   0.01285   0.01130   0.00100   0.00047   0.00144   0.00009   0.00032   0.00501   0.00110   0.00280
   1.00000  10.60200   2.26277  38.97500   0.68243  10.67930   5.85000   0.73399   0.01101   0.01072   0.01287   0.01130   0.00100   0.00077   0.00144   0.00010   0.00031   0.00501   0.00110   0.00280
   1.00000  10.60200   2.24761  38.97500   0.67663  10.60775   5.95000   0.73997   0.01123   0.01094   0.01287   0.01130   0.00100   0.00083   0.00144   0.00010   0.00030   0.00501   0.00110   0.00280
