  10.60200   3.49728  20.99500   4.92311   9.28957   7.10472   0.56410 2.54655e-04   0.36926   4.01646   0.00631   0.00808   0.02478  -4.50000   1.03483   0.00631
  10.60200   3.43640  20.99500   4.83742   9.48950   7.16560   0.55632 2.56135e-04   0.35975   4.02807   0.00567   0.00770   0.02272  -1.50000   1.00163   0.00567
  10.60200   3.37552  20.99500   4.75171   9.68945   7.22648   0.54845 2.57514e-04   0.35040   4.13423   0.00524   0.00742   0.01531   1.50000   0.99239   0.00524
  10.60200   3.31464  20.99500   4.66601   9.88941   7.28736   0.54048 2.58795e-04   0.34121   4.20070   0.00511   0.00740   0.01484   4.50000   0.97538   0.00511
  10.60200   3.25375  20.99500   4.58030  10.08937   7.34825   0.53243 2.59983e-04   0.33216   4.23745   0.00521   0.00756   0.01778   7.50000   0.95218   0.00521
  10.60200   3.19286  20.99500   4.49459  10.28934   7.40914   0.52429 2.61083e-04   0.32327   4.33648   0.00548   0.00778   0.02198  10.50000   0.94448   0.00548
  10.60200   4.28845  20.99500   6.03685   6.69116   6.31355   0.65700 2.23624e-04   0.50954   2.21500   0.00484   0.00606   0.03021  -4.50000   1.05228   0.00484
  10.60200   4.22761  20.99500   5.95120   6.89098   6.37439   0.65040 2.26951e-04   0.49752   2.31541   0.00426   0.00564   0.02563  -1.50000   1.03654   0.00426
  10.60200   4.16676  20.99500   5.86555   7.09082   6.43524   0.64372 2.30095e-04   0.48572   2.40099   0.00385   0.00540   0.02314   1.50000   1.01521   0.00385
  10.60200   4.10592  20.99500   5.77989   7.29066   6.49608   0.63694 2.33065e-04   0.47414   2.48836   0.00359   0.00526   0.01847   4.50000   0.99638   0.00359
  10.60200   4.04506  20.99500   5.69423   7.49051   6.55694   0.63007 2.35868e-04   0.46278   2.56758   0.00345   0.00523   0.01487   7.50000   0.97565   0.00345
  10.60200   3.98421  20.99500   5.60856   7.69037   6.61779   0.62310 2.38510e-04   0.45163   2.67439   0.00341   0.00524   0.01821  10.50000   0.96665   0.00341
  10.60200   3.92335  20.99500   5.52289   7.89024   6.67865   0.61605 2.40999e-04   0.44068   2.76188   0.00346   0.00532   0.01751  13.50000   0.95129   0.00346
  10.60200   3.86249  20.99500   5.43722   8.09012   6.73951   0.60890 2.43342e-04   0.42992   2.90377   0.00359   0.00539   0.02228  16.50000   0.95496   0.00359
  10.60200   4.77511  20.99500   6.72191   5.09286   5.82689   0.70646 1.89431e-04   0.61475   1.22357   0.00526   0.00595   0.02553  -4.50000   1.04746   0.00526
  10.60200   4.71429  20.99500   6.63629   5.29262   5.88771   0.70059 1.94528e-04   0.60065   1.32680   0.00467   0.00544   0.02293  -1.50000   1.04191   0.00467
  10.60200   4.65346  20.99500   6.55067   5.49238   5.94854   0.69464 1.99370e-04   0.58684   1.39878   0.00425   0.00514   0.01679   1.50000   1.01134   0.00425
  10.60200   4.59263  20.99500   6.46504   5.69216   6.00937   0.68860 2.03968e-04   0.57330   1.47949   0.00399   0.00496   0.01487   4.50000   0.98935   0.00399
  10.60200   4.53180  20.99500   6.37941   5.89194   6.07020   0.68246 2.08331e-04   0.56004   1.58229   0.00382   0.00484   0.01583   7.50000   0.98161   0.00382
  10.60200   4.47097  20.99500   6.29378   6.09173   6.13103   0.67623 2.12469e-04   0.54704   1.68858   0.00375   0.00480   0.01547  10.50000   0.97536   0.00375
  10.60200   4.41013  20.99500   6.20814   6.29153   6.19187   0.66991 2.16392e-04   0.53429   1.78757   0.00376   0.00482   0.01747  13.50000   0.96461   0.00376
  10.60200   4.34930  20.99500   6.12249   6.49134   6.25270   0.66350 2.20107e-04   0.52180   1.89436   0.00385   0.00491   0.01784  16.50000   0.95780   0.00385
  10.60200   5.44399  20.99500   7.66349   2.89610   5.15801   0.76508 1.13263e-04   0.79175   0.32984   0.00862   0.00935   0.02224  -4.50000   1.06522   0.00862
  10.60200   5.38319  20.99500   7.57791   3.09577   5.21881   0.76019 1.21944e-04   0.77378   0.37867   0.00734   0.00821   0.02352  -1.50000   1.04413   0.00734
  10.60200   5.32240  20.99500   7.49233   3.29544   5.27960   0.75521 1.30231e-04   0.75623   0.43505   0.00634   0.00735   0.02539   1.50000   1.03545   0.00634
  10.60200   5.26160  20.99500   7.40674   3.49512   5.34040   0.75015 1.38142e-04   0.73908   0.48569   0.00566   0.00683   0.01653   4.50000   1.00460   0.00566
  10.60200   5.20080  20.99500   7.32115   3.69480   5.40120   0.74499 1.45688e-04   0.72232   0.54704   0.00515   0.00645   0.01519   7.50000   0.98956   0.00515
  10.60200   5.13999  20.99500   7.23556   3.89450   5.46201   0.73976 1.52884e-04   0.70593   0.60935   0.00480   0.00622   0.01540  10.50000   0.97136   0.00480
  10.60200   5.07919  20.99500   7.14996   4.09421   5.52281   0.73443 1.59744e-04   0.68990   0.68647   0.00458   0.00605   0.01738  13.50000   0.97167   0.00458
  10.60200   5.01838  20.99500   7.06436   4.29392   5.58362   0.72901 1.66280e-04   0.67421   0.75869   0.00447   0.00600   0.01707  16.50000   0.96026   0.00447
  10.60200   4.95756  20.99500   6.97875   4.49364   5.64444   0.72351 1.72505e-04   0.65887   0.83554   0.00443   0.00599   0.01842  19.50000   0.95158   0.00443
  10.60200   4.89675  20.99500   6.89314   4.69337   5.70525   0.71792 1.78431e-04   0.64385   0.92529   0.00445   0.00600   0.02094  22.50000   0.95336   0.00445
  10.60200   5.94544  20.99500   8.36938   1.24922   4.65656   0.80220 2.46162e-05   0.95779   0.05016   0.01097   0.01124   0.01943  -5.50000   1.09687   0.01097
  10.60200   5.91505  20.99500   8.32661   1.34902   4.68695   0.80011 3.09490e-05   0.94671   0.05563   0.01018   0.01048   0.02032  -4.50000   1.08421   0.01018
  10.60200   5.88467  20.99500   8.28383   1.44881   4.71733   0.79800 3.71472e-05   0.93578   0.06262   0.00947   0.00980   0.02002  -3.50000   1.07128   0.00947
  10.60200   5.85428  20.99500   8.24105   1.54861   4.74772   0.79587 4.32131e-05   0.92499   0.07115   0.00876   0.00912   0.02020  -2.50000   1.06094   0.00876
  10.60200   5.82389  20.99500   8.19828   1.64841   4.77811   0.79372 4.91490e-05   0.91434   0.08145   0.00812   0.00851   0.02240  -1.50000   1.05599   0.00812
  10.60200   5.79350  20.99500   8.15550   1.74821   4.80850   0.79155 5.49569e-05   0.90382   0.09291   0.00758   0.00801   0.02166  -0.50000   1.04723   0.00758
  10.60200   5.76311  20.99500   8.11272   1.84802   4.83889   0.78936 6.06395e-05   0.89343   0.10504   0.00717   0.00763   0.02364   0.50000   1.03331   0.00717
  10.60200   5.73272  20.99500   8.06994   1.94783   4.86928   0.78714 6.61986e-05   0.88318   0.11859   0.00683   0.00732   0.02648   1.50000   1.02140   0.00683
  10.60200   5.70233  20.99500   8.02716   2.04764   4.89967   0.78491 7.16366e-05   0.87304   0.13410   0.00651   0.00703   0.02147   2.50000   1.01684   0.00651
  10.60200   5.67194  20.99500   7.98438   2.14745   4.93006   0.78266 7.69556e-05   0.86304   0.15008   0.00625   0.00679   0.02442   3.50000   1.00930   0.00625
  10.60200   5.64155  20.99500   7.94160   2.24726   4.96045   0.78038 8.21576e-05   0.85316   0.16598   0.00605   0.00662   0.02340   4.50000   0.99716   0.00605
  10.60200   5.61116  20.99500   7.89881   2.34708   4.99084   0.77808 8.72448e-05   0.84339   0.18361   0.00587   0.00646   0.02354   5.50000   0.99181   0.00587
  10.60200   5.58077  20.99500   7.85603   2.44690   5.02123   0.77577 9.22193e-05   0.83375   0.19963   0.00575   0.00638   0.02788   6.50000   0.97440   0.00575
  10.60200   5.55037  20.99500   7.81325   2.54672   5.05163   0.77343 9.70831e-05   0.82422   0.21834   0.00567   0.00632   0.03064   7.50000   0.96678   0.00567
  10.60200   3.19967  21.03500   4.52115  10.25000   7.40233   0.52510 2.59456e-04   0.32548   4.13392   0.00933   0.01024   0.03564  -7.50000   0.90713   0.00933
  10.60200   3.10847  21.03500   4.39229  10.55000   7.49353   0.51276 2.60982e-04   0.31235   4.52191   0.00748   0.00851   0.03256  -4.50000   0.94776   0.00748
  10.60200   3.01728  21.03500   4.26343  10.85000   7.58472   0.50022 2.62330e-04   0.29954   4.72440   0.00685   0.00796   0.02708  -1.50000   0.94747   0.00685
  10.60200   2.92608  21.03500   4.13457  11.15000   7.67592   0.48749 2.63513e-04   0.28704   5.03222   0.00640   0.00754   0.02709   1.50000   0.96705   0.00640
  10.60200   2.83488  21.03500   4.00570  11.45000   7.76712   0.47458 2.64542e-04   0.27483   5.29077   0.00602   0.00719   0.02647   4.50000   0.97592   0.00602
  10.60200   2.74368  21.03500   3.87684  11.75000   7.85832   0.46147 2.65430e-04   0.26290   5.48527   0.00570   0.00694   0.02607   7.50000   0.97216   0.00570
  10.60200   2.65248  21.03500   3.74798  12.05000   7.94952   0.44818 2.66186e-04   0.25124   5.64347   0.00543   0.00674   0.02622  10.50000   0.96222   0.00543
  10.60200   2.56129  21.03500   3.61911  12.35000   8.04071   0.43470 2.66820e-04   0.23985   5.93220   0.00516   0.00650   0.02610  13.50000   0.97393   0.00516
  10.60200   2.47009  21.03500   3.49025  12.65000   8.13191   0.42105 2.67341e-04   0.22872   6.30737   0.00520   0.00647   0.03245  16.50000   0.99785   0.00520
  10.60200   3.92925  21.03500   5.55206   7.85000   6.67275   0.61661 2.39064e-04   0.44339   2.67037   0.00787   0.00861   0.03441  -9.50000   0.93070   0.00787
  10.60200   3.83806  21.03500   5.42320   8.15000   6.76394   0.60588 2.42567e-04   0.42726   2.88285   0.00643   0.00730   0.02820  -8.50000   0.93733   0.00643
  10.60200   3.74686  21.03500   5.29433   8.45000   6.85514   0.59495 2.45760e-04   0.41156   3.20084   0.00558   0.00651   0.02067  -7.50000   0.97490   0.00558
  10.60200   3.65566  21.03500   5.16547   8.75000   6.94634   0.58381 2.48664e-04   0.39627   3.40307   0.00524   0.00622   0.01991  -6.50000   0.97413   0.00524
  10.60200   3.56446  21.03500   5.03661   9.05000   7.03754   0.57247 2.51296e-04   0.38138   3.61980   0.00496   0.00597   0.01945  -5.50000   0.97736   0.00496
  10.60200   3.47326  21.03500   4.90774   9.35000   7.12874   0.56093 2.53675e-04   0.36687   3.84432   0.00469   0.00575   0.01917  -4.50000   0.98185   0.00469
  10.60200   3.38207  21.03500   4.77888   9.65000   7.21993   0.54919 2.55817e-04   0.35272   4.03063   0.00446   0.00557   0.01978  -3.50000   0.97627   0.00446
  10.60200   3.29087  21.03500   4.65002   9.95000   7.31113   0.53724 2.57739e-04   0.33893   4.24604   0.00424   0.00539   0.01894  -2.50000   0.97784   0.00424
  10.60200   3.19967  21.03500   4.52115  10.25000   7.40233   0.52510 2.59456e-04   0.32548   4.47696   0.00404   0.00523   0.01926  -1.50000   0.98241   0.00404
  10.60200   3.10847  21.03500   4.39229  10.55000   7.49353   0.51276 2.60982e-04   0.31235   4.73270   0.00389   0.00509   0.01947  -0.50000   0.99194   0.00389
  10.60200   3.01728  21.03500   4.26343  10.85000   7.58472   0.50022 2.62330e-04   0.29954   5.13860   0.00391   0.00503   0.02565   0.50000   1.03054   0.00391
  10.60200   4.76523  21.03500   6.73331   5.10000   5.83677   0.70536 1.88332e-04   0.61475   1.11469   0.01047   0.01101   0.02903  -9.50000   0.95425   0.01047
  10.60200   4.70444  21.03500   6.64740   5.30000   5.89756   0.69948 1.93403e-04   0.60065   1.20035   0.00912   0.00975   0.02583  -8.50000   0.94261   0.00912
  10.60200   4.64364  21.03500   6.56149   5.50000   5.95836   0.69352 1.98221e-04   0.58684   1.31577   0.00799   0.00869   0.02669  -7.50000   0.95133   0.00799
  10.60200   4.58284  21.03500   6.47558   5.70000   6.01916   0.68746 2.02795e-04   0.57330   1.45326   0.00716   0.00790   0.02088  -6.50000   0.97181   0.00716
  10.60200   4.52204  21.03500   6.38967   5.90000   6.07996   0.68132 2.07138e-04   0.56004   1.58210   0.00668   0.00746   0.01999  -5.50000   0.98150   0.00668
  10.60200   4.46124  21.03500   6.30376   6.10000   6.14076   0.67508 2.11256e-04   0.54704   1.71216   0.00634   0.00714   0.01897  -4.50000   0.98898   0.00634
  10.60200   4.40044  21.03500   6.21785   6.30000   6.20156   0.66875 2.15160e-04   0.53429   1.82699   0.00605   0.00689   0.01958  -3.50000   0.98588   0.00605
  10.60200   4.33964  21.03500   6.13194   6.50000   6.26236   0.66233 2.18859e-04   0.52180   1.95982   0.00577   0.00664   0.01903  -2.50000   0.99089   0.00577
  10.60200   4.27885  21.03500   6.04604   6.70000   6.32315   0.65582 2.22361e-04   0.50954   2.10248   0.00550   0.00639   0.01825  -1.50000   0.99882   0.00550
  10.60200   4.21805  21.03500   5.96013   6.90000   6.38395   0.64922 2.25673e-04   0.49752   2.19211   0.00532   0.00627   0.01837  -0.50000   0.98134   0.00532
  10.60200   4.15725  21.03500   5.87422   7.10000   6.44475   0.64253 2.28805e-04   0.48572   2.33562   0.00510   0.00607   0.01868   0.50000   0.98757   0.00510
  10.60200   4.09645  21.03500   5.78831   7.30000   6.50555   0.63574 2.31763e-04   0.47414   2.45367   0.00491   0.00592   0.01808   1.50000   0.98249   0.00491
  10.60200   4.03565  21.03500   5.70240   7.50000   6.56635   0.62886 2.34556e-04   0.46278   2.58657   0.00473   0.00578   0.01814   2.50000   0.98287   0.00473
  10.60200   3.97485  21.03500   5.61649   7.70000   6.62715   0.62190 2.37189e-04   0.45163   2.74974   0.00455   0.00560   0.01807   3.50000   0.99388   0.00455
  10.60200   3.91405  21.03500   5.53058   7.90000   6.68795   0.61484 2.39670e-04   0.44068   2.85137   0.00442   0.00553   0.01886   4.50000   0.98211   0.00442
  10.60200   3.85326  21.03500   5.44467   8.10000   6.74874   0.60768 2.42005e-04   0.42992   2.99957   0.00428   0.00540   0.01873   5.50000   0.98647   0.00428
  10.60200   3.79246  21.03500   5.35877   8.30000   6.80954   0.60044 2.44201e-04   0.41936   3.16609   0.00416   0.00529   0.01862   6.50000   0.99589   0.00416
  10.60200   3.73166  21.03500   5.27286   8.50000   6.87034   0.59311 2.46264e-04   0.40899   3.34671   0.00406   0.00518   0.01871   7.50000   1.00858   0.00406
  10.60200   3.67086  21.03500   5.18695   8.70000   6.93114   0.58568 2.48199e-04   0.39879   3.55974   0.00407   0.00515   0.02071   8.50000   1.02922   0.00407
  10.60200   5.93561  21.03500   8.38705   1.25000   4.66639   0.80134 2.44690e-05   0.95779   0.04370   0.02604   0.02620   0.03213  -9.50000   0.95568   0.02604
  10.60200   5.90521  21.03500   8.34409   1.35000   4.69679   0.79924 3.07640e-05   0.94671   0.04801   0.02398   0.02415   0.03050  -8.50000   0.93564   0.02398
  10.60200   5.87481  21.03500   8.30114   1.45000   4.72719   0.79713 3.69252e-05   0.93578   0.05615   0.02161   0.02179   0.03079  -7.50000   0.96066   0.02161
  10.60200   5.84441  21.03500   8.25819   1.55000   4.75759   0.79499 4.29549e-05   0.92499   0.06467   0.01953   0.01973   0.02890  -6.50000   0.96433   0.01953
  10.60200   5.81401  21.03500   8.21523   1.65000   4.78799   0.79283 4.88553e-05   0.91434   0.08078   0.01729   0.01748   0.02741  -5.50000   1.04727   0.01729
  10.60200   5.78361  21.03500   8.17228   1.75000   4.81839   0.79065 5.46287e-05   0.90382   0.08723   0.01649   0.01671   0.02935  -4.50000   0.98325   0.01649
  10.60200   5.75321  21.03500   8.12932   1.85000   4.84879   0.78845 6.02774e-05   0.89343   0.10173   0.01522   0.01546   0.02874  -3.50000   1.00073   0.01522
  10.60200   5.72281  21.03500   8.08637   1.95000   4.87919   0.78624 6.58035e-05   0.88318   0.11927   0.01391   0.01415   0.02725  -2.50000   1.02734   0.01391
  10.60200   5.69241  21.03500   8.04341   2.05000   4.90959   0.78400 7.12092e-05   0.87304   0.13542   0.01307   0.01333   0.02683  -1.50000   1.02689   0.01307
  10.60200   5.66201  21.03500   8.00046   2.15000   4.93999   0.78173 7.64966e-05   0.86304   0.15321   0.01218   0.01245   0.02690  -0.50000   1.03030   0.01218
  10.60200   5.63161  21.03500   7.95751   2.25000   4.97039   0.77945 8.16678e-05   0.85316   0.17062   0.01150   0.01180   0.02568   0.50000   1.02506   0.01150
  10.60200   5.60121  21.03500   7.91455   2.35000   5.00079   0.77715 8.67250e-05   0.84339   0.19008   0.01084   0.01116   0.02583   1.50000   1.02681   0.01084
  10.60200   5.57082  21.03500   7.87160   2.45000   5.03118   0.77483 9.16701e-05   0.83375   0.20907   0.01024   0.01057   0.02613   2.50000   1.02045   0.01024
  10.60200   5.54042  21.03500   7.82864   2.55000   5.06158   0.77248 9.65052e-05   0.82422   0.23034   0.00976   0.01011   0.02658   3.50000   1.01992   0.00976
  10.60200   5.51002  21.03500   7.78569   2.65000   5.09198   0.77011 1.01232e-04   0.81480   0.24864   0.00933   0.00971   0.02575   4.50000   1.00141   0.00933
  10.60200   5.47962  21.03500   7.74273   2.75000   5.12238   0.76773 1.05854e-04   0.80550   0.28166   0.00875   0.00913   0.02424   5.50000   1.03521   0.00875
  10.60200   5.44922  21.03500   7.69978   2.85000   5.15278   0.76532 1.10371e-04   0.79630   0.29840   0.00847   0.00889   0.02516   6.50000   1.00505   0.00847
  10.60200   5.41882  21.03500   7.65682   2.95000   5.18318   0.76289 1.14786e-04   0.78722   0.32791   0.00807   0.00849   0.02427   7.50000   1.01652   0.00807
  10.60200   5.38842  21.03500   7.61387   3.05000   5.21358   0.76044 1.19100e-04   0.77823   0.35588   0.00771   0.00815   0.02494   8.50000   1.01969   0.00771
  10.60200   5.35802  21.03500   7.57092   3.15000   5.24398   0.75796 1.23317e-04   0.76936   0.38139   0.00745   0.00791   0.02404   9.50000   1.01306   0.00745
  10.60200   5.32762  21.03500   7.52796   3.25000   5.27438   0.75547 1.27436e-04   0.76058   0.41657   0.00711   0.00758   0.02411  10.50000   1.02800   0.00711
  10.60200   5.29722  21.03500   7.48501   3.35000   5.30478   0.75295 1.31461e-04   0.75191   0.43787   0.00694   0.00744   0.02413  11.50000   1.00564   0.00694
  10.60200   5.26682  21.03500   7.44205   3.45000   5.33518   0.75041 1.35393e-04   0.74334   0.47578   0.00664   0.00715   0.02382  12.50000   1.01866   0.00664
  10.60200   5.23642  21.03500   7.39910   3.55000   5.36558   0.74785 1.39234e-04   0.73486   0.50561   0.00643   0.00696   0.02355  13.50000   1.01061   0.00643
  10.60200   5.20602  21.03500   7.35614   3.65000   5.39598   0.74527 1.42986e-04   0.72648   0.54149   0.00622   0.00676   0.02332  14.50000   1.01207   0.00622
  10.60200   5.17562  21.03500   7.31319   3.75000   5.42638   0.74267 1.46650e-04   0.71819   0.58046   0.00602   0.00657   0.02294  15.50000   1.01671   0.00602
  10.60200   5.14523  21.03500   7.27024   3.85000   5.45677   0.74004 1.50227e-04   0.70999   0.61328   0.00584   0.00642   0.02310  16.50000   1.00826   0.00584
  10.60200   5.11483  21.03500   7.22728   3.95000   5.48717   0.73740 1.53721e-04   0.70189   0.65296   0.00567   0.00627   0.02300  17.50000   1.00957   0.00567
  10.60200   5.08443  21.03500   7.18433   4.05000   5.51757   0.73473 1.57131e-04   0.69387   0.69346   0.00552   0.00613   0.02315  18.50000   1.01035   0.00552
  10.60200   5.05403  21.03500   7.14137   4.15000   5.54797   0.73204 1.60460e-04   0.68594   0.73532   0.00537   0.00599   0.02256  19.50000   1.01144   0.00537
  10.60200   5.02363  21.03500   7.09842   4.25000   5.57837   0.72932 1.63710e-04   0.67810   0.77820   0.00522   0.00586   0.02294  20.50000   1.01214   0.00522
  10.60200   4.99323  21.03500   7.05546   4.35000   5.60877   0.72659 1.66882e-04   0.67035   0.81667   0.00511   0.00577   0.02269  21.50000   1.00611   0.00511
  10.60200   4.96283  21.03500   7.01251   4.45000   5.63917   0.72383 1.69977e-04   0.66267   0.87269   0.00497   0.00562   0.02224  22.50000   1.01994   0.00497
  10.60200   4.93243  21.03500   6.96955   4.55000   5.66957   0.72105 1.72997e-04   0.65508   0.91656   0.00486   0.00554   0.02250  23.50000   1.01757   0.00486
  10.60200   4.90203  21.03500   6.92660   4.65000   5.69997   0.71825 1.75944e-04   0.64757   0.96225   0.00476   0.00545   0.02352  24.50000   1.01624   0.00476
  10.60200   4.87163  21.03500   6.88365   4.75000   5.73037   0.71542 1.78818e-04   0.64014   1.01989   0.00465   0.00534   0.02219  25.50000   1.02585   0.00465
  10.60200   4.84123  21.03500   6.84069   4.85000   5.76077   0.71257 1.81622e-04   0.63279   1.06888   0.00458   0.00528   0.02335  26.50000   1.02531   0.00458
  10.60200   4.81083  21.03500   6.79774   4.95000   5.79117   0.70970 1.84357e-04   0.62552   1.12495   0.00448   0.00519   0.02242  27.50000   1.03018   0.00448
  10.60200   4.78043  21.03500   6.75478   5.05000   5.82157   0.70681 1.87024e-04   0.61832   1.18526   0.00441   0.00512   0.02349  28.50000   1.03724   0.00441
  10.60200   4.75003  21.03500   6.71183   5.15000   5.85197   0.70390 1.89624e-04   0.61120   1.23997   0.00436   0.00507   0.02391  29.50000   1.03840   0.00436
  10.60200   4.71964  21.03500   6.66887   5.25000   5.88236   0.70096 1.92159e-04   0.60415   1.30698   0.00431   0.00502   0.02503  30.50000   1.04823   0.00431
  10.60200   4.68924  21.03500   6.62592   5.35000   5.91276   0.69800 1.94631e-04   0.59717   1.37205   0.00431   0.00501  -0.72884  31.50000   1.05501   0.00431
  10.60200   4.65884  21.03500   6.58297   5.45000   5.94316   0.69502 1.97039e-04   0.59026   1.43850   0.00434   0.00503  -0.69517  32.50000   1.06154   0.00434
  10.60200   2.95992  24.98000   5.87106   9.35000   7.64208   0.48209 1.53201e-04   0.40940   1.68387   0.00854   0.00895   0.03239  -7.50000   0.94454   0.00854
  10.60200   2.88220  24.98000   5.71691   9.65000   7.71980   0.47145 1.55434e-04   0.39464   1.82149   0.00702   0.00751   0.02484  -4.50000   0.95601   0.00702
  10.60200   2.80448  24.98000   5.56275   9.95000   7.79752   0.46067 1.57538e-04   0.38017   1.98754   0.00631   0.00682   0.02081  -1.50000   0.97872   0.00631
  10.60200   2.72676  24.98000   5.40859  10.25000   7.87524   0.44976 1.59522e-04   0.36598   2.15102   0.00587   0.00640   0.02022   1.50000   0.99621   0.00587
  10.60200   2.64904  24.98000   5.25443  10.55000   7.95296   0.43871 1.61389e-04   0.35208   2.26144   0.00556   0.00612   0.02032   4.50000   0.98764   0.00556
  10.60200   2.57132  24.98000   5.10028  10.85000   8.03068   0.42753 1.63146e-04   0.33844   2.37272   0.00525   0.00586   0.02000   7.50000   0.97846   0.00525
  10.60200   2.49360  24.98000   4.94612  11.15000   8.10840   0.41622 1.64800e-04   0.32507   2.52129   0.00494   0.00557   0.01999  10.50000   0.98440   0.00494
  10.60200   2.41589  24.98000   4.79196  11.45000   8.18611   0.40478 1.66354e-04   0.31194   2.65260   0.00469   0.00536   0.02016  13.50000   0.98190   0.00469
  10.60200   2.33817  24.98000   4.63781  11.75000   8.26383   0.39321 1.67815e-04   0.29907   2.86967   0.00448   0.00514   0.02031  16.50000   1.00874   0.00448
  10.60200   3.58167  24.98000   7.10432   6.95000   7.02033   0.56214 1.29860e-04   0.53927   0.87054   0.00909   0.00960   0.02994  -9.50000   0.94839   0.00909
  10.60200   3.50395  24.98000   6.95016   7.25000   7.09805   0.55263 1.33384e-04   0.52179   0.96193   0.00741   0.00802   0.02996  -8.50000   0.94891   0.00741
  10.60200   3.42623  24.98000   6.79601   7.55000   7.17577   0.54298 1.36717e-04   0.50469   1.08514   0.00631   0.00698   0.02107  -7.50000   0.97484   0.00631
  10.60200   3.34851  24.98000   6.64185   7.85000   7.25349   0.53319 1.39869e-04   0.48796   1.20011   0.00579   0.00650   0.02056  -6.50000   0.98677   0.00579
  10.60200   3.27079  24.98000   6.48769   8.15000   7.33121   0.52325 1.42849e-04   0.47158   1.30779   0.00541   0.00616   0.01947  -5.50000   0.98834   0.00541
  10.60200   3.19307  24.98000   6.33354   8.45000   7.40893   0.51317 1.45664e-04   0.45555   1.42454   0.00506   0.00585   0.01919  -4.50000   0.99394   0.00506
  10.60200   3.11536  24.98000   6.17938   8.75000   7.48664   0.50295 1.48323e-04   0.43984   1.53927   0.00477   0.00560   0.01871  -3.50000   0.99516   0.00477
  10.60200   3.03764  24.98000   6.02522   9.05000   7.56436   0.49259 1.50833e-04   0.42446   1.64764   0.00450   0.00537   0.01885  -2.50000   0.99061   0.00450
  10.60200   2.95992  24.98000   5.87106   9.35000   7.64208   0.48209 1.53201e-04   0.40940   1.78915   0.00423   0.00513   0.01933  -1.50000   1.00360   0.00423
  10.60200   2.88220  24.98000   5.71691   9.65000   7.71980   0.47145 1.55434e-04   0.39464   1.89062   0.00404   0.00499   0.01876  -0.50000   0.99229   0.00404
  10.60200   2.80448  24.98000   5.56275   9.95000   7.79752   0.46067 1.57538e-04   0.38017   2.05027   0.00388   0.00484   0.01903   0.50000   1.00961   0.00388
  10.60200   2.72676  24.98000   5.40859  10.25000   7.87524   0.44976 1.59522e-04   0.36598   2.23431   0.00397   0.00487   0.02660   1.50000   1.03478   0.00397
  10.60200   4.16456  24.98000   8.26050   4.70000   6.43744   0.62875 9.63855e-05   0.68381   0.33217   0.01013   0.01043   0.02732  -9.50000   0.95600   0.01013
  10.60200   4.11275  24.98000   8.15773   4.90000   6.48925   0.62317 9.99285e-05   0.66991   0.36731   0.00879   0.00914   0.02553  -8.50000   0.95006   0.00879
  10.60200   4.06093  24.98000   8.05496   5.10000   6.54107   0.61751 1.03350e-04   0.65623   0.41451   0.00766   0.00806   0.02505  -7.50000   0.96852   0.00766
  10.60200   4.00912  24.98000   7.95218   5.30000   6.59288   0.61180 1.06654e-04   0.64277   0.46251   0.00688   0.00730   0.02139  -6.50000   0.98019   0.00688
  10.60200   3.95731  24.98000   7.84941   5.50000   6.64469   0.60601 1.09845e-04   0.62951   0.51514   0.00635   0.00680   0.02012  -5.50000   0.99435   0.00635
  10.60200   3.90550  24.98000   7.74664   5.70000   6.69650   0.60016 1.12924e-04   0.61646   0.56233   0.00601   0.00648   0.02033  -4.50000   0.99267   0.00601
  10.60200   3.85368  24.98000   7.64387   5.90000   6.74832   0.59425 1.15896e-04   0.60361   0.61059   0.00570   0.00620   0.01919  -3.50000   0.98916   0.00570
  10.60200   3.80187  24.98000   7.54110   6.10000   6.80013   0.58827 1.18763e-04   0.59096   0.66955   0.00538   0.00590   0.01892  -2.50000   0.99883   0.00538
  10.60200   3.75006  24.98000   7.43833   6.30000   6.85194   0.58223 1.21530e-04   0.57850   0.72760   0.00511   0.00565   0.01913  -1.50000   1.00319   0.00511
  10.60200   3.69825  24.98000   7.33556   6.50000   6.90375   0.57612 1.24199e-04   0.56622   0.77614   0.00490   0.00547   0.01876  -0.50000   0.99213   0.00490
  10.60200   3.64643  24.98000   7.23279   6.70000   6.95557   0.56995 1.26772e-04   0.55413   0.84077   0.00467   0.00526   0.01905   0.50000   0.99923   0.00467
  10.60200   3.59462  24.98000   7.13001   6.90000   7.00738   0.56371 1.29254e-04   0.54222   0.89553   0.00449   0.00511   0.01964   1.50000   0.99223   0.00449
  10.60200   3.54281  24.98000   7.02724   7.10000   7.05919   0.55740 1.31646e-04   0.53048   0.95857   0.00429   0.00493   0.01899   2.50000   0.99317   0.00429
  10.60200   3.49100  24.98000   6.92447   7.30000   7.11100   0.55103 1.33952e-04   0.51892   1.03042   0.00411   0.00477   0.01875   3.50000   1.00052   0.00411
  10.60200   3.43918  24.98000   6.82170   7.50000   7.16282   0.54460 1.36174e-04   0.50752   1.09985   0.00396   0.00463   0.01892   4.50000   1.00333   0.00396
  10.60200   3.38737  24.98000   6.71893   7.70000   7.21463   0.53810 1.38315e-04   0.49628   1.16382   0.00383   0.00453   0.01869   5.50000   0.99961   0.00383
  10.60200   3.33556  24.98000   6.61616   7.90000   7.26644   0.53154 1.40378e-04   0.48520   1.24195   0.00370   0.00441   0.01906   6.50000   1.00662   0.00370
  10.60200   3.28375  24.98000   6.51338   8.10000   7.31825   0.52492 1.42364e-04   0.47429   1.32822   0.00360   0.00431   0.01965   7.50000   1.01774   0.00360
  10.60200   3.23193  24.98000   6.41061   8.30000   7.37007   0.51823 1.44277e-04   0.46352   1.43088   0.00355   0.00424   0.02058   8.50000   1.03875   0.00355
  10.60200   3.18012  24.98000   6.30784   8.50000   7.42188   0.51148 1.46118e-04   0.45291   1.52564   0.00364   0.00431   0.02517   9.50000   1.05077   0.00364
  10.60200   5.05833  24.98000  10.03331   1.25000   5.54367   0.71494 1.21478e-05   0.96447   0.01437   0.03406   0.03412   0.03600  -9.50000   0.98729   0.03406
  10.60200   5.03242  24.98000   9.98192   1.35000   5.56958   0.71271 1.53143e-05   0.95506   0.01668   0.03130   0.03136   0.03600  -8.50000   1.01914   0.03130
  10.60200   5.00651  24.98000   9.93053   1.45000   5.59549   0.71046 1.84309e-05   0.94575   0.01829   0.02948   0.02956   0.03590  -7.50000   0.98470   0.02948
  10.60200   4.98061  24.98000   9.87915   1.55000   5.62139   0.70820 2.14985e-05   0.93652   0.02190   0.02659   0.02667   0.03438  -6.50000   1.03218   0.02659
  10.60200   4.95470  24.98000   9.82776   1.65000   5.64730   0.70592 2.45175e-05   0.92737   0.02494   0.02482   0.02491   0.03216  -5.50000   1.02617   0.02482
  10.60200   4.92879  24.98000   9.77638   1.75000   5.67321   0.70363 2.74887e-05   0.91831   0.02924   0.02285   0.02293   0.03193  -4.50000   1.04904   0.02285
  10.60200   4.90289  24.98000   9.72499   1.85000   5.69911   0.70132 3.04126e-05   0.90933   0.03298   0.02141   0.02150   0.03063  -3.50000   1.03498   0.02141
  10.60200   4.87698  24.98000   9.67361   1.95000   5.72502   0.69899 3.32899e-05   0.90044   0.03825   0.01967   0.01977   0.03091  -2.50000   1.05294   0.01967
  10.60200   4.85108  24.98000   9.62222   2.05000   5.75092   0.69665 3.61212e-05   0.89162   0.04244   0.01854   0.01865   0.03207  -1.50000   1.02864   0.01854
  10.60200   4.82517  24.98000   9.57083   2.15000   5.77683   0.69429 3.89071e-05   0.88288   0.04847   0.01728   0.01740   0.03209  -0.50000   1.04080   0.01728
  10.60200   4.79926  24.98000   9.51945   2.25000   5.80274   0.69192 4.16483e-05   0.87422   0.05224   0.01648   0.01661   0.03262   0.50000   0.99934   0.01648
  10.60200   4.77336  24.98000   9.46806   2.35000   5.82864   0.68953 4.43452e-05   0.86564   0.05987   0.01531   0.01544   0.03262   1.50000   1.02615   0.01531
  10.60200   4.74745  24.98000   9.41668   2.45000   5.85455   0.68713 4.69986e-05   0.85713   0.06650   0.01445   0.01459   0.03203   2.50000   1.02484   0.01445
  10.60200   4.72154  24.98000   9.36529   2.55000   5.88046   0.68471 4.96090e-05   0.84869   0.07452   0.01357   0.01372   0.03143   3.50000   1.03635   0.01357
  10.60200   4.69564  24.98000   9.31391   2.65000   5.90636   0.68227 5.21769e-05   0.84034   0.08285   0.01282   0.01297   0.03091   4.50000   1.04313   0.01282
  10.60200   4.66973  24.98000   9.26252   2.75000   5.93227   0.67982 5.47031e-05   0.83205   0.09057   0.01215   0.01232   0.03081   5.50000   1.03652   0.01215
  10.60200   4.64383  24.98000   9.21113   2.85000   5.95817   0.67735 5.71879e-05   0.82384   0.09791   0.01166   0.01183   0.03061   6.50000   1.02201   0.01166
  10.60200   4.61792  24.98000   9.15975   2.95000   5.98408   0.67486 5.96321e-05   0.81569   0.10826   0.01106   0.01124   0.02869   7.50000   1.03456   0.01106
  10.60200   4.59201  24.98000   9.10836   3.05000   6.00999   0.67236 6.20362e-05   0.80762   0.11763   0.01052   0.01072   0.02762   8.50000   1.03201   0.01052
  10.60200   4.56611  24.98000   9.05698   3.15000   6.03589   0.66984 6.44007e-05   0.79962   0.12787   0.01009   0.01029   0.02668   9.50000   1.03371   0.01009
  10.60200   4.54020  24.98000   9.00559   3.25000   6.06180   0.66731 6.67261e-05   0.79168   0.13763   0.00966   0.00987   0.02608  10.50000   1.02725   0.00966
  10.60200   4.51429  24.98000   8.95421   3.35000   6.08771   0.66476 6.90131e-05   0.78382   0.14681   0.00933   0.00955   0.02567  11.50000   1.01402   0.00933
  10.60200   4.48839  24.98000   8.90282   3.45000   6.11361   0.66220 7.12622e-05   0.77602   0.15806   0.00895   0.00919   0.02580  12.50000   1.01194   0.00895
  10.60200   4.46248  24.98000   8.85143   3.55000   6.13952   0.65961 7.34738e-05   0.76828   0.16794   0.00863   0.00888   0.02521  13.50000   0.99833   0.00863
  10.60200   4.43658  24.98000   8.80005   3.65000   6.16542   0.65702 7.56486e-05   0.76061   0.18196   0.00827   0.00852   0.02419  14.50000   1.00628   0.00827
  10.60200   4.41067  24.98000   8.74866   3.75000   6.19133   0.65440 7.77870e-05   0.75301   0.19489   0.00799   0.00825   0.02505  15.50000   1.00449   0.00799
  10.60200   4.38476  24.98000   8.69728   3.85000   6.21724   0.65177 7.98896e-05   0.74546   0.20663   0.00775   0.00803   0.02466  16.50000   0.99439   0.00775
  10.60200   4.35886  24.98000   8.64589   3.95000   6.24314   0.64912 8.19569e-05   0.73799   0.22375   0.00744   0.00772   0.02402  17.50000   1.00730   0.00744
  10.60200   4.33295  24.98000   8.59451   4.05000   6.26905   0.64646 8.39893e-05   0.73057   0.23606   0.00722   0.00752   0.02405  18.50000   0.99574   0.00722
  10.60200   4.30704  24.98000   8.54312   4.15000   6.29496   0.64378 8.59875e-05   0.72321   0.25349   0.00698   0.00728   0.02375  19.50000   1.00388   0.00698
  10.60200   4.28114  24.98000   8.49173   4.25000   6.32086   0.64109 8.79518e-05   0.71591   0.27355   0.00671   0.00701   0.02306  20.50000   1.01884   0.00671
  10.60200   4.25523  24.98000   8.44035   4.35000   6.34677   0.63837 8.98827e-05   0.70868   0.28915   0.00652   0.00683   0.02305  21.50000   1.01473   0.00652
  10.60200   4.22933  24.98000   8.38896   4.45000   6.37267   0.63565 9.17808e-05   0.70150   0.30503   0.00636   0.00668   0.02303  22.50000   1.00953   0.00636
  10.60200   4.20342  24.98000   8.33758   4.55000   6.39858   0.63290 9.36466e-05   0.69438   0.32319   0.00618   0.00652   0.02537  23.50000   1.01050   0.00618
  10.60200   4.17751  24.98000   8.28619   4.65000   6.42449   0.63014 9.54804e-05   0.68732   0.34506   0.00600   0.00634   0.02576  24.50000   1.02057   0.00600
  10.60200   4.15161  24.98000   8.23481   4.75000   6.45039   0.62736 9.72828e-05   0.68031   0.36391   0.00586   0.00621   0.02480  25.50000   1.01921   0.00586
  10.60200   4.12570  24.98000   8.18342   4.85000   6.47630   0.62457 9.90542e-05   0.67336   0.38845   0.00570   0.00605   0.02891  26.50000   1.03172   0.00570
  10.60200   4.09979  24.98000   8.13203   4.95000   6.50221   0.62176 1.00795e-04   0.66647   0.41111   0.00560   0.00595   0.02462  27.50000   1.03628   0.00560
  10.60200   2.38798  28.99000   6.34432   9.95000   8.21402   0.39136 1.04223e-04   0.41160   1.02787   0.01055   0.01083   0.03195  -7.50000   0.94718   0.01055
  10.60200   2.32181  28.99000   6.16851  10.25000   8.28019   0.38177 1.06000e-04   0.39699   1.11714   0.00837   0.00871   0.02540  -4.50000   0.95895   0.00837
  10.60200   2.25563  28.99000   5.99269  10.55000   8.34637   0.37209 1.07708e-04   0.38262   1.21614   0.00738   0.00775   0.02062  -1.50000   0.97454   0.00738
  10.60200   2.18945  28.99000   5.81687  10.85000   8.41255   0.36232 1.09349e-04   0.36847   1.30477   0.00684   0.00724   0.01946   1.50000   0.97846   0.00684
  10.60200   2.12328  28.99000   5.64106  11.15000   8.47872   0.35247 1.10925e-04   0.35454   1.39946   0.00640   0.00682   0.01924   4.50000   0.98396   0.00640
  10.60200   2.05710  28.99000   5.46524  11.45000   8.54490   0.34253 1.12439e-04   0.34083   1.49957   0.00596   0.00641   0.01943   7.50000   0.99018   0.00596
  10.60200   1.99092  28.99000   5.28942  11.75000   8.61108   0.33250 1.13893e-04   0.32733   1.57323   0.00562   0.00610   0.01941  10.50000   0.97774   0.00562
  10.60200   1.92475  28.99000   5.11361  12.05000   8.67725   0.32239 1.15290e-04   0.31404   1.67753   0.00525   0.00576   0.01955  13.50000   0.98262   0.00525
  10.60200   1.85857  28.99000   4.93779  12.35000   8.74343   0.31219 1.16632e-04   0.30095   1.84289   0.00500   0.00549   0.02133  16.50000   1.01861   0.00500
  10.60200   2.85122  28.99000   7.57504   7.85000   7.75078   0.45584 8.95817e-05   0.52081   0.56497   0.00915   0.00946   0.02975  -9.50000   0.93487   0.00915
  10.60200   2.78504  28.99000   7.39922   8.15000   7.81696   0.44692 9.19301e-05   0.50442   0.64419   0.00737   0.00773   0.02509  -8.50000   0.96938   0.00737
  10.60200   2.71887  28.99000   7.22341   8.45000   7.88313   0.43790 9.41876e-05   0.48830   0.72427   0.00645   0.00684   0.01914  -7.50000   0.99543   0.00645
  10.60200   2.65269  28.99000   7.04759   8.75000   7.94931   0.42878 9.63575e-05   0.47245   0.77666   0.00605   0.00647   0.01865  -6.50000   0.97872   0.00605
  10.60200   2.58651  28.99000   6.87177   9.05000   8.01549   0.41956 9.84429e-05   0.45686   0.85402   0.00563   0.00606   0.01793  -5.50000   0.99071   0.00563
  10.60200   2.52034  28.99000   6.69596   9.35000   8.08166   0.41026 1.00447e-04   0.44152   0.92208   0.00528   0.00575   0.01754  -4.50000   0.98763   0.00528
  10.60200   2.45416  28.99000   6.52014   9.65000   8.14784   0.40085 1.02373e-04   0.42644   0.99827   0.00494   0.00544   0.01855  -3.50000   0.99048   0.00494
  10.60200   2.38798  28.99000   6.34432   9.95000   8.21402   0.39136 1.04223e-04   0.41160   1.06611   0.00467   0.00520   0.01811  -2.50000   0.98242   0.00467
  10.60200   2.32181  28.99000   6.16851  10.25000   8.28019   0.38177 1.06000e-04   0.39699   1.15325   0.00439   0.00494   0.01783  -1.50000   0.98995   0.00439
  10.60200   2.25563  28.99000   5.99269  10.55000   8.34637   0.37209 1.07708e-04   0.38262   1.24741   0.00419   0.00476   0.01785  -0.50000   0.99960   0.00419
  10.60200   2.18945  28.99000   5.81687  10.85000   8.41255   0.36232 1.09349e-04   0.36847   1.37633   0.00422   0.00474   0.02274   0.50000   1.03212   0.00422
  10.60200   3.54608  28.99000   9.42111   4.70000   7.05592   0.54346 5.85170e-05   0.71152   0.14136   0.00906   0.00928   0.02536  -9.50000   0.92293   0.00906
  10.60200   3.50196  28.99000   9.30390   4.90000   7.10004   0.53824 6.08839e-05   0.69831   0.16126   0.00781   0.00806   0.02422  -8.50000   0.93939   0.00781
  10.60200   3.45784  28.99000   9.18669   5.10000   7.14416   0.53296 6.31915e-05   0.68525   0.18426   0.00687   0.00714   0.02114  -7.50000   0.96184   0.00687
  10.60200   3.41372  28.99000   9.06948   5.30000   7.18828   0.52764 6.54412e-05   0.67235   0.20818   0.00625   0.00654   0.01827  -6.50000   0.97814   0.00625
  10.60200   3.36961  28.99000   8.95227   5.50000   7.23239   0.52228 6.76343e-05   0.65962   0.22914   0.00588   0.00618   0.01825  -5.50000   0.97279   0.00588
  10.60200   3.32549  28.99000   8.83506   5.70000   7.27651   0.51687 6.97721e-05   0.64703   0.25100   0.00556   0.00588   0.01757  -4.50000   0.96681   0.00556
  10.60200   3.28137  28.99000   8.71784   5.90000   7.32063   0.51141 7.18558e-05   0.63460   0.27771   0.00524   0.00558   0.01735  -3.50000   0.97416   0.00524
  10.60200   3.23725  28.99000   8.60063   6.10000   7.36475   0.50591 7.38867e-05   0.62232   0.30830   0.00493   0.00528   0.01720  -2.50000   0.98842   0.00493
  10.60200   3.19313  28.99000   8.48342   6.30000   7.40887   0.50036 7.58659e-05   0.61018   0.33503   0.00470   0.00507   0.01726  -1.50000   0.98483   0.00470
  10.60200   3.14902  28.99000   8.36621   6.50000   7.45298   0.49476 7.77947e-05   0.59819   0.36537   0.00447   0.00486   0.01703  -0.50000   0.98789   0.00447
  10.60200   3.10490  28.99000   8.24900   6.70000   7.49710   0.48913 7.96743e-05   0.58634   0.39617   0.00427   0.00467   0.01688   0.50000   0.98897   0.00427
  10.60200   3.06078  28.99000   8.13179   6.90000   7.54122   0.48344 8.15057e-05   0.57463   0.42390   0.00410   0.00452   0.01681   1.50000   0.97893   0.00410
  10.60200   3.01666  28.99000   8.01458   7.10000   7.58534   0.47772 8.32901e-05   0.56305   0.45346   0.00393   0.00438   0.01678   2.50000   0.97186   0.00393
  10.60200   2.97254  28.99000   7.89737   7.30000   7.62946   0.47194 8.50286e-05   0.55161   0.49617   0.00376   0.00421   0.01705   3.50000   0.98953   0.00376
  10.60200   2.92843  28.99000   7.78016   7.50000   7.67357   0.46613 8.67223e-05   0.54030   0.53125   0.00362   0.00409   0.01698   4.50000   0.98797   0.00362
  10.60200   2.88431  28.99000   7.66295   7.70000   7.71769   0.46026 8.83723e-05   0.52911   0.57049   0.00349   0.00397   0.01676   5.50000   0.99149   0.00349
  10.60200   2.84019  28.99000   7.54573   7.90000   7.76181   0.45436 8.99795e-05   0.51806   0.61088   0.00339   0.00387   0.01669   6.50000   0.99455   0.00339
  10.60200   2.79607  28.99000   7.42852   8.10000   7.80593   0.44841 9.15451e-05   0.50713   0.66154   0.00330   0.00378   0.01843   7.50000   1.01100   0.00330
  10.60200   2.75196  28.99000   7.31131   8.30000   7.85004   0.44242 9.30701e-05   0.49632   0.71859   0.00330   0.00376   0.02012   8.50000   1.03281   0.00330
  10.60200   4.30711  28.99000  11.44300   1.25000   6.29489   0.62635 6.91918e-06   0.96871   0.00623   0.05002   0.05007   0.03667  -9.50000   1.02665   0.05002
  10.60200   4.28505  28.99000  11.38439   1.35000   6.31695   0.62414 8.73938e-06   0.96038   0.00694   0.04658   0.04663   0.04261  -8.50000   1.01541   0.04658
  10.60200   4.26299  28.99000  11.32579   1.45000   6.33901   0.62192 1.05380e-05   0.95211   0.00811   0.04187   0.04193   0.03851  -7.50000   1.04839   0.04187
  10.60200   4.24093  28.99000  11.26718   1.55000   6.36107   0.61969 1.23152e-05   0.94390   0.00895   0.03933   0.03940   0.03994  -6.50000   1.01713   0.03933
  10.60200   4.21887  28.99000  11.20858   1.65000   6.38313   0.61745 1.40713e-05   0.93575   0.01006   0.03663   0.03670   0.03858  -5.50000   1.00190   0.03663
  10.60200   4.19681  28.99000  11.14997   1.75000   6.40519   0.61519 1.58064e-05   0.92765   0.01142   0.03393   0.03401   0.03692  -4.50000   0.99720   0.03393
  10.60200   4.17476  28.99000  11.09137   1.85000   6.42724   0.61293 1.75208e-05   0.91961   0.01237   0.03226   0.03235   0.03979  -3.50000   0.94728   0.03226
  10.60200   4.15270  28.99000  11.03276   1.95000   6.44930   0.61065 1.92146e-05   0.91162   0.01599   0.02815   0.02823   0.03697  -2.50000   1.07638   0.02815
  10.60200   4.13064  28.99000  10.97415   2.05000   6.47136   0.60836 2.08882e-05   0.90368   0.01676   0.02748   0.02757   0.04619  -1.50000   0.99485   0.02748
  10.60200   4.10858  28.99000  10.91555   2.15000   6.49342   0.60606 2.25416e-05   0.89580   0.01940   0.02520   0.02530   0.04421  -0.50000   1.02072   0.02520
  10.60200   4.08652  28.99000  10.85694   2.25000   6.51548   0.60374 2.41751e-05   0.88798   0.02192   0.02350   0.02361   0.04379   0.50000   1.02730   0.02350
  10.60200   4.06446  28.99000  10.79834   2.35000   6.53754   0.60142 2.57889e-05   0.88020   0.02350   0.02263   0.02276   0.04258   1.50000   0.98480   0.02263
  10.60200   4.04240  28.99000  10.73973   2.45000   6.55960   0.59908 2.73832e-05   0.87248   0.02614   0.02119   0.02132   0.04115   2.50000   0.98364   0.02119
  10.60200   4.02034  28.99000  10.68113   2.55000   6.58166   0.59674 2.89582e-05   0.86481   0.02877   0.02012   0.02026   0.03938   3.50000   0.97481   0.02012
  10.60200   3.99828  28.99000  10.62252   2.65000   6.60372   0.59438 3.05141e-05   0.85720   0.03334   0.01850   0.01863   0.03802   4.50000   1.02075   0.01850
  10.60200   3.97623  28.99000  10.56392   2.75000   6.62577   0.59201 3.20511e-05   0.84963   0.03508   0.01803   0.01818   0.03453   5.50000   0.97418   0.01803
  10.60200   3.95417  28.99000  10.50531   2.85000   6.64783   0.58963 3.35693e-05   0.84211   0.03948   0.01684   0.01700   0.03276   6.50000   0.99751   0.01684
  10.60200   3.93211  28.99000  10.44671   2.95000   6.66989   0.58723 3.50691e-05   0.83464   0.04202   0.01629   0.01646   0.03204   7.50000   0.96893   0.01629
  10.60200   3.91005  28.99000  10.38810   3.05000   6.69195   0.58483 3.65505e-05   0.82723   0.04673   0.01531   0.01549   0.03079   8.50000   0.98666   0.01531
  10.60200   3.88799  28.99000  10.32949   3.15000   6.71401   0.58241 3.80139e-05   0.81986   0.05053   0.01466   0.01485   0.03018   9.50000   0.97941   0.01466
  10.60200   3.86593  28.99000  10.27089   3.25000   6.73607   0.57998 3.94593e-05   0.81254   0.05542   0.01391   0.01410   0.02931  10.50000   0.98778   0.01391
  10.60200   3.84387  28.99000  10.21228   3.35000   6.75813   0.57754 4.08869e-05   0.80526   0.05931   0.01335   0.01356   0.02858  11.50000   0.97475   0.01335
  10.60200   3.82181  28.99000  10.15368   3.45000   6.78019   0.57509 4.22970e-05   0.79804   0.06391   0.01278   0.01301   0.02747  12.50000   0.97019   0.01278
  10.60200   3.79975  28.99000  10.09507   3.55000   6.80225   0.57263 4.36898e-05   0.79086   0.06793   0.01239   0.01263   0.02799  13.50000   0.95450   0.01239
  10.60200   3.77770  28.99000  10.03647   3.65000   6.82430   0.57015 4.50653e-05   0.78372   0.07403   0.01182   0.01206   0.02758  14.50000   0.96420   0.01182
  10.60200   3.75564  28.99000   9.97786   3.75000   6.84636   0.56766 4.64239e-05   0.77664   0.08012   0.01126   0.01151   0.02792  15.50000   0.96950   0.01126
  10.60200   3.73358  28.99000   9.91926   3.85000   6.86842   0.56517 4.77656e-05   0.76960   0.08631   0.01078   0.01104   0.02705  16.50000   0.97185   0.01078
  10.60200   3.71152  28.99000   9.86065   3.95000   6.89048   0.56266 4.90907e-05   0.76260   0.09410   0.01030   0.01057   0.02523  17.50000   0.98802   0.01030
  10.60200   3.68946  28.99000   9.80204   4.05000   6.91254   0.56013 5.03994e-05   0.75565   0.09879   0.01004   0.01032   0.02567  18.50000   0.96871   0.01004
  10.60200   3.66740  28.99000   9.74344   4.15000   6.93460   0.55760 5.16918e-05   0.74874   0.10736   0.00960   0.00988   0.02517  19.50000   0.98485   0.00960
  10.60200   3.64534  28.99000   9.68483   4.25000   6.95666   0.55506 5.29681e-05   0.74188   0.11320   0.00929   0.00959   0.02464  20.50000   0.97312   0.00929
  10.60200   3.62328  28.99000   9.62623   4.35000   6.97872   0.55250 5.42285e-05   0.73506   0.12047   0.00903   0.00934   0.02496  21.50000   0.97175   0.00903
  10.60200   3.60122  28.99000   9.56762   4.45000   7.00078   0.54993 5.54731e-05   0.72828   0.12815   0.00869   0.00901   0.02459  22.50000   0.97157   0.00869
  10.60200   3.57916  28.99000   9.50902   4.55000   7.02284   0.54735 5.67022e-05   0.72155   0.13746   0.00839   0.00871   0.02599  23.50000   0.98063   0.00839
  10.60200   3.55711  28.99000   9.45041   4.65000   7.04489   0.54476 5.79159e-05   0.71485   0.14701   0.00808   0.00842   0.02465  24.50000   0.98830   0.00808
  10.60200   3.53505  28.99000   9.39181   4.75000   7.06695   0.54216 5.91144e-05   0.70820   0.15451   0.00789   0.00824   0.02992  25.50000   0.98002   0.00789
  10.60200   3.51299  28.99000   9.33320   4.85000   7.08901   0.53955 6.02978e-05   0.70159   0.16481   0.00764   0.00799   0.03148  26.50000   0.98736   0.00764
  10.60200   3.49093  28.99000   9.27460   4.95000   7.11107   0.53692 6.14663e-05   0.69503   0.17469   0.00743   0.00779   0.03290  27.50000   0.98955   0.00743
  10.60200   1.98882  32.97500   6.79338  10.25000   8.61318   0.32378 7.53760e-05   0.42030   0.72453   0.00711   0.00741   0.02631  -7.50000   1.02834   0.00711
  10.60200   1.93213  32.97500   6.59975  10.55000   8.66987   0.31539 7.68363e-05   0.40565   0.75850   0.00607   0.00644   0.02081  -4.50000   0.99806   0.00607
  10.60200   1.87544  32.97500   6.40613  10.85000   8.72656   0.30694 7.82543e-05   0.39120   0.81659   0.00557   0.00596   0.01847  -1.50000   0.99817   0.00557
  10.60200   1.81876  32.97500   6.21250  11.15000   8.78324   0.29843 7.96312e-05   0.37692   0.87171   0.00521   0.00563   0.01798   1.50000   0.99210   0.00521
  10.60200   1.76207  32.97500   6.01887  11.45000   8.83993   0.28986 8.09684e-05   0.36283   0.93869   0.00483   0.00528   0.01782   4.50000   0.99632   0.00483
  10.60200   1.70539  32.97500   5.82525  11.75000   8.89661   0.28123 8.22669e-05   0.34892   0.99126   0.00451   0.00500   0.01781   7.50000   0.98338   0.00451
  10.60200   1.64870  32.97500   5.63162  12.05000   8.95330   0.27255 8.35280e-05   0.33519   1.05908   0.00421   0.00473   0.01816  10.50000   0.98341   0.00421
  10.60200   1.59202  32.97500   5.43799  12.35000   9.00998   0.26380 8.47528e-05   0.32163   1.13596   0.00396   0.00451   0.02026  13.50000   0.98874   0.00396
  10.60200   1.53533  32.97500   5.24437  12.65000   9.06667   0.25500 8.59424e-05   0.30824   1.18107   0.00412   0.00467   0.03120  16.50000   0.96465   0.00412
  10.60200   2.49899  32.97500   8.53602   7.55000   8.10301   0.39637 6.01081e-05   0.56137   0.28415   0.00980   0.01014   0.02799  -9.50000   0.91934   0.00980
  10.60200   2.44230  32.97500   8.34239   7.85000   8.15970   0.38857 6.20105e-05   0.54483   0.32483   0.00786   0.00826   0.02095  -8.50000   0.94382   0.00786
  10.60200   2.38562  32.97500   8.14877   8.15000   8.21638   0.38071 6.38579e-05   0.52851   0.36640   0.00685   0.00730   0.01772  -7.50000   0.96078   0.00685
  10.60200   2.32893  32.97500   7.95514   8.45000   8.27307   0.37277 6.56519e-05   0.51242   0.41093   0.00628   0.00675   0.01679  -6.50000   0.97657   0.00628
  10.60200   2.27224  32.97500   7.76151   8.75000   8.32976   0.36477 6.73940e-05   0.49654   0.45241   0.00584   0.00634   0.01642  -5.50000   0.97833   0.00584
  10.60200   2.21556  32.97500   7.56789   9.05000   8.38644   0.35670 6.90857e-05   0.48088   0.49883   0.00544   0.00597   0.01600  -4.50000   0.98540   0.00544
  10.60200   2.15887  32.97500   7.37426   9.35000   8.44313   0.34857 7.07283e-05   0.46543   0.54104   0.00509   0.00566   0.01588  -3.50000   0.97957   0.00509
  10.60200   2.10219  32.97500   7.18063   9.65000   8.49981   0.34037 7.23233e-05   0.45019   0.58990   0.00476   0.00536   0.01611  -2.50000   0.98180   0.00476
  10.60200   2.04550  32.97500   6.98701   9.95000   8.55650   0.33211 7.38721e-05   0.43515   0.64483   0.00445   0.00508   0.01613  -1.50000   0.98980   0.00445
  10.60200   1.98882  32.97500   6.79338  10.25000   8.61318   0.32378 7.53760e-05   0.42030   0.69558   0.00423   0.00489   0.01654  -0.50000   0.98725   0.00423
  10.60200   1.93213  32.97500   6.59975  10.55000   8.66987   0.31539 7.68363e-05   0.40565   0.77025   0.00413   0.00477   0.01722   0.50000   1.01351   0.00413
  10.60200   3.07529  32.97500  10.50456   4.50000   7.52671   0.47168 3.72706e-05   0.74373   0.06552   0.00997   0.01026   0.02517  -9.50000   0.92686   0.00997
  10.60200   3.03750  32.97500  10.37547   4.70000   7.56450   0.46697 3.89824e-05   0.73092   0.07353   0.00868   0.00901   0.02296  -8.50000   0.91878   0.00868
  10.60200   2.99971  32.97500  10.24639   4.90000   7.60229   0.46223 4.06617e-05   0.71824   0.08412   0.00764   0.00801   0.01943  -7.50000   0.93283   0.00764
  10.60200   2.96192  32.97500  10.11730   5.10000   7.64008   0.45745 4.23092e-05   0.70568   0.09602   0.00694   0.00733   0.01704  -6.50000   0.94904   0.00694
  10.60200   2.92413  32.97500   9.98822   5.30000   7.67787   0.45264 4.39253e-05   0.69325   0.10771   0.00645   0.00687   0.01689  -5.50000   0.95309   0.00645
  10.60200   2.88634  32.97500   9.85913   5.50000   7.71566   0.44780 4.55107e-05   0.68094   0.11924   0.00606   0.00651   0.01632  -4.50000   0.94817   0.00606
  10.60200   2.84855  32.97500   9.73005   5.70000   7.75345   0.44293 4.70657e-05   0.66875   0.13356   0.00567   0.00614   0.01597  -3.50000   0.95814   0.00567
  10.60200   2.81076  32.97500   9.60097   5.90000   7.79124   0.43803 4.85911e-05   0.65667   0.14765   0.00535   0.00584   0.01610  -2.50000   0.95929   0.00535
  10.60200   2.77297  32.97500   9.47188   6.10000   7.82903   0.43309 5.00872e-05   0.64472   0.16419   0.00504   0.00554   0.01551  -1.50000   0.96961   0.00504
  10.60200   2.73518  32.97500   9.34280   6.30000   7.86682   0.42813 5.15547e-05   0.63288   0.18063   0.00478   0.00530   0.01530  -0.50000   0.97263   0.00478
  10.60200   2.69739  32.97500   9.21371   6.50000   7.90461   0.42313 5.29940e-05   0.62115   0.19531   0.00456   0.00512   0.01544   0.50000   0.96200   0.00456
  10.60200   2.65960  32.97500   9.08463   6.70000   7.94240   0.41810 5.44057e-05   0.60953   0.21387   0.00434   0.00492   0.01596   1.50000   0.96665   0.00434
  10.60200   2.62181  32.97500   8.95554   6.90000   7.98019   0.41304 5.57902e-05   0.59803   0.23405   0.00412   0.00472   0.01529   2.50000   0.97362   0.00412
  10.60200   2.58402  32.97500   8.82646   7.10000   8.01798   0.40794 5.71480e-05   0.58663   0.25128   0.00395   0.00458   0.01519   3.50000   0.96477   0.00395
  10.60200   2.54623  32.97500   8.69737   7.30000   8.05577   0.40282 5.84796e-05   0.57534   0.27213   0.00379   0.00444   0.01521   4.50000   0.96648   0.00379
  10.60200   2.50843  32.97500   8.56829   7.50000   8.09357   0.39767 5.97855e-05   0.56415   0.29610   0.00363   0.00430   0.01547   5.50000   0.97586   0.00363
  10.60200   2.47064  32.97500   8.43921   7.70000   8.13136   0.39248 6.10662e-05   0.55307   0.31850   0.00351   0.00419   0.01564   6.50000   0.97612   0.00351
  10.60200   2.43285  32.97500   8.31012   7.90000   8.16915   0.38727 6.23221e-05   0.54209   0.34536   0.00341   0.00410   0.01541   7.50000   0.98596   0.00341
  10.60200   2.39506  32.97500   8.18104   8.10000   8.20694   0.38202 6.35537e-05   0.53121   0.37907   0.00335   0.00402   0.01674   8.50000   1.01089   0.00335
  10.60200   2.35727  32.97500   8.05195   8.30000   8.24473   0.37675 6.47615e-05   0.52043   0.40910   0.00344   0.00409   0.02146   9.50000   1.02059   0.00344
  10.60200   3.68939  32.97500  12.60218   1.25000   6.91261   0.54362 4.40608e-06   0.97150   0.00314   0.05707   0.05711   0.04085  -9.50000   1.01347   0.05707
  10.60200   3.67049  32.97500  12.53764   1.35000   6.93151   0.54153 5.57263e-06   0.96389   0.00327   0.05512   0.05517   0.04693  -8.50000   0.93605   0.05512
  10.60200   3.65160  32.97500  12.47310   1.45000   6.95040   0.53944 6.72850e-06   0.95632   0.00408   0.04886   0.04891   0.03821  -7.50000   1.03279   0.04886
  10.60200   3.63270  32.97500  12.40855   1.55000   6.96930   0.53734 7.87377e-06   0.94880   0.00411   0.04834   0.04840   0.04433  -6.50000   0.91526   0.04834
  10.60200   3.61381  32.97500  12.34401   1.65000   6.98819   0.53524 9.00855e-06   0.94131   0.00488   0.04344   0.04350   0.04453  -5.50000   0.95811   0.04344
  10.60200   3.59491  32.97500  12.27947   1.75000   7.00709   0.53312 1.01329e-05   0.93386   0.00560   0.04048   0.04055   0.04814  -4.50000   0.96737   0.04048
  10.60200   3.57602  32.97500  12.21493   1.85000   7.02598   0.53099 1.12469e-05   0.92646   0.00686   0.03612   0.03618   0.04668  -3.50000   1.04286   0.03612
  10.60200   3.55712  32.97500  12.15038   1.95000   7.04488   0.52886 1.23506e-05   0.91909   0.00719   0.03544   0.03551   0.04696  -2.50000   0.96345   0.03544
  10.60200   3.53823  32.97500  12.08584   2.05000   7.06377   0.52672 1.34442e-05   0.91176   0.00854   0.03204   0.03211   0.04534  -1.50000   1.01152   0.03204
  10.60200   3.51933  32.97500  12.02130   2.15000   7.08267   0.52457 1.45276e-05   0.90447   0.00959   0.03003   0.03011   0.04453  -0.50000   1.00889   0.03003
  10.60200   3.50044  32.97500  11.95676   2.25000   7.10156   0.52241 1.56010e-05   0.89722   0.01054   0.02846   0.02855   0.04642   0.50000   0.98772   0.02846
  10.60200   3.48154  32.97500  11.89222   2.35000   7.12046   0.52025 1.66645e-05   0.89001   0.01153   0.02707   0.02717   0.04965   1.50000   0.96682   0.02707
  10.60200   3.46264  32.97500  11.82767   2.45000   7.13936   0.51807 1.77181e-05   0.88284   0.01308   0.02529   0.02539   0.04332   2.50000   0.98458   0.02529
  10.60200   3.44375  32.97500  11.76313   2.55000   7.15825   0.51589 1.87619e-05   0.87570   0.01474   0.02360   0.02370   0.04115   3.50000   0.99864   0.02360
  10.60200   3.42485  32.97500  11.69859   2.65000   7.17715   0.51370 1.97961e-05   0.86861   0.01581   0.02269   0.02280   0.04061   4.50000   0.96681   0.02269
  10.60200   3.40596  32.97500  11.63405   2.75000   7.19604   0.51150 2.08205e-05   0.86155   0.01756   0.02137   0.02150   0.03764   5.50000   0.97204   0.02137
  10.60200   3.38706  32.97500  11.56950   2.85000   7.21494   0.50929 2.18355e-05   0.85452   0.01911   0.02030   0.02044   0.03774   6.50000   0.96049   0.02030
  10.60200   3.36817  32.97500  11.50496   2.95000   7.23383   0.50708 2.28409e-05   0.84754   0.02159   0.01903   0.01917   0.03284   7.50000   0.98882   0.01903
  10.60200   3.34927  32.97500  11.44042   3.05000   7.25273   0.50485 2.38370e-05   0.84059   0.02288   0.01845   0.01860   0.03334   8.50000   0.95787   0.01845
  10.60200   3.33038  32.97500  11.37588   3.15000   7.27162   0.50262 2.48238e-05   0.83367   0.02466   0.01762   0.01778   0.03034   9.50000   0.94588   0.01762
  10.60200   3.31148  32.97500  11.31134   3.25000   7.29052   0.50038 2.58013e-05   0.82679   0.02674   0.01684   0.01701   0.03058  10.50000   0.94187   0.01684
  10.60200   3.29259  32.97500  11.24679   3.35000   7.30941   0.49813 2.67696e-05   0.81995   0.02939   0.01598   0.01615   0.02855  11.50000   0.95253   0.01598
  10.60200   3.27369  32.97500  11.18225   3.45000   7.32831   0.49587 2.77288e-05   0.81314   0.03168   0.01530   0.01549   0.02959  12.50000   0.94720   0.01530
  10.60200   3.25480  32.97500  11.11771   3.55000   7.34720   0.49361 2.86791e-05   0.80637   0.03496   0.01443   0.01461   0.02618  13.50000   0.96569   0.01443
  10.60200   3.23590  32.97500  11.05317   3.65000   7.36610   0.49134 2.96203e-05   0.79963   0.03739   0.01390   0.01410   0.02648  14.50000   0.95548   0.01390
  10.60200   3.21701  32.97500  10.98862   3.75000   7.38499   0.48905 3.05528e-05   0.79293   0.04166   0.01304   0.01324   0.02430  15.50000   0.98708   0.01304
  10.60200   3.19811  32.97500  10.92408   3.85000   7.40389   0.48676 3.14764e-05   0.78626   0.04245   0.01294   0.01316   0.02528  16.50000   0.93383   0.01294
  10.60200   3.17922  32.97500  10.85954   3.95000   7.42278   0.48447 3.23913e-05   0.77962   0.04717   0.01220   0.01242   0.02437  17.50000   0.96532   0.01220
  10.60200   3.16032  32.97500  10.79500   4.05000   7.44168   0.48216 3.32975e-05   0.77302   0.04952   0.01183   0.01207   0.02505  18.50000   0.94409   0.01183
  10.60200   3.14143  32.97500  10.73046   4.15000   7.46057   0.47984 3.41952e-05   0.76646   0.05411   0.01129   0.01153   0.02485  19.50000   0.96312   0.01129
  10.60200   3.12253  32.97500  10.66591   4.25000   7.47947   0.47752 3.50844e-05   0.75992   0.05753   0.01089   0.01114   0.02438  20.50000   0.95722   0.01089
  10.60200   3.10364  32.97500  10.60137   4.35000   7.49836   0.47519 3.59651e-05   0.75342   0.06122   0.01055   0.01081   0.02484  21.50000   0.95372   0.01055
  10.60200   3.08474  32.97500  10.53683   4.45000   7.51726   0.47285 3.68375e-05   0.74695   0.06496   0.01017   0.01044   0.02711  22.50000   0.94844   0.01017
  10.60200   3.06584  32.97500  10.47229   4.55000   7.53616   0.47051 3.77016e-05   0.74051   0.06983   0.00981   0.01009   0.02813  23.50000   0.95712   0.00981
  10.60200   3.04695  32.97500  10.40774   4.65000   7.55505   0.46815 3.85575e-05   0.73411   0.07466   0.00948   0.00976   0.03106  24.50000   0.96183   0.00948
  10.60200   3.02805  32.97500  10.34320   4.75000   7.57395   0.46579 3.94052e-05   0.72774   0.08051   0.00911   0.00940   0.03071  25.50000   0.97588   0.00911
  10.60200   1.55023  38.97500   7.31641  10.55000   9.05177   0.24660 5.05323e-05   0.43073   0.38151   0.01168   0.01205   0.03000  -7.50000   0.91072   0.01168
  10.60200   1.50475  38.97500   7.10176  10.85000   9.09725   0.23986 5.16384e-05   0.41600   0.42909   0.00906   0.00950   0.02214  -4.50000   0.94473   0.00906
  10.60200   1.45926  38.97500   6.88711  11.15000   9.14274   0.23309 5.27225e-05   0.40142   0.47378   0.00794   0.00842   0.01852  -1.50000   0.96370   0.00794
  10.60200   1.41378  38.97500   6.67245  11.45000   9.18822   0.22628 5.37852e-05   0.38699   0.51234   0.00723   0.00775   0.01807   1.50000   0.96500   0.00723
  10.60200   1.36830  38.97500   6.45780  11.75000   9.23370   0.21944 5.48268e-05   0.37269   0.55752   0.00657   0.00713   0.01876   4.50000   0.97415   0.00657
  10.60200   1.32282  38.97500   6.24315  12.05000   9.27918   0.21256 5.58479e-05   0.35854   0.60040   0.00595   0.00656   0.01926   7.50000   0.97468   0.00595
  10.60200   1.27734  38.97500   6.02850  12.35000   9.32466   0.20565 5.68488e-05   0.34452   0.63376   0.00543   0.00611   0.02134  10.50000   0.95720   0.00543
  10.60200   1.23186  38.97500   5.81385  12.65000   9.37014   0.19870 5.78301e-05   0.33064   0.68126   0.00494   0.00568   0.02689  13.50000   0.95886   0.00494
  10.60200   1.18638  38.97500   5.59919  12.95000   9.41562   0.19172 5.87920e-05   0.31690   0.75155   0.00479   0.00552   0.03572  16.50000   0.98671   0.00479
  10.60200   1.91408  38.97500   9.03363   8.15000   8.68792   0.29912 4.08374e-05   0.55410   0.17938   0.01149   0.01175   0.03246  -9.50000   0.90958   0.01149
  10.60200   1.86860  38.97500   8.81898   8.45000   8.73340   0.29269 4.21361e-05   0.53812   0.20749   0.00895   0.00925   0.02172  -8.50000   0.94561   0.00895
  10.60200   1.82311  38.97500   8.60433   8.75000   8.77889   0.28623 4.34090e-05   0.52230   0.23166   0.00777   0.00811   0.01702  -7.50000   0.95300   0.00777
  10.60200   1.77763  38.97500   8.38967   9.05000   8.82437   0.27972 4.46566e-05   0.50664   0.26020   0.00706   0.00743   0.01614  -6.50000   0.96991   0.00706
  10.60200   1.73215  38.97500   8.17502   9.35000   8.86985   0.27317 4.58794e-05   0.49115   0.28661   0.00653   0.00692   0.01541  -5.50000   0.97152   0.00653
  10.60200   1.68667  38.97500   7.96037   9.65000   8.91533   0.26658 4.70779e-05   0.47581   0.32110   0.00599   0.00640   0.01525  -4.50000   0.99259   0.00599
  10.60200   1.64119  38.97500   7.74572   9.95000   8.96081   0.25996 4.82525e-05   0.46063   0.34994   0.00555   0.00600   0.01537  -3.50000   0.98990   0.00555
  10.60200   1.59571  38.97500   7.53106  10.25000   9.00629   0.25330 4.94038e-05   0.44561   0.37718   0.00518   0.00566   0.01556  -2.50000   0.97894   0.00518
  10.60200   1.55023  38.97500   7.31641  10.55000   9.05177   0.24660 5.05323e-05   0.43073   0.41171   0.00480   0.00531   0.01569  -1.50000   0.98282   0.00480
  10.60200   1.50475  38.97500   7.10176  10.85000   9.09725   0.23986 5.16384e-05   0.41600   0.44712   0.00452   0.00506   0.01603  -0.50000   0.98444   0.00452
  10.60200   1.45926  38.97500   6.88711  11.15000   9.14274   0.23309 5.27225e-05   0.40142   0.49566   0.00449   0.00501   0.02597   0.50000   1.00821   0.00449
  10.60200   2.37647  38.97500  11.21593   5.10000   8.22553   0.36215 2.60461e-05   0.72663   0.04318   0.01084   0.01106   0.02589  -9.50000   0.90035   0.01084
  10.60200   2.34615  38.97500  11.07283   5.30000   8.25585   0.35815 2.71107e-05   0.71472   0.04914   0.00927   0.00953   0.02578  -8.50000   0.91223   0.00927
  10.60200   2.31583  38.97500  10.92973   5.50000   8.28617   0.35413 2.81612e-05   0.70290   0.05580   0.00813   0.00842   0.02071  -7.50000   0.92561   0.00813
  10.60200   2.28551  38.97500  10.78662   5.70000   8.31649   0.35010 2.91979e-05   0.69117   0.06273   0.00740   0.00771   0.01622  -6.50000   0.93349   0.00740
  10.60200   2.25519  38.97500  10.64352   5.90000   8.34681   0.34604 3.02209e-05   0.67953   0.07020   0.00688   0.00720   0.01725  -5.50000   0.94047   0.00688
  10.60200   2.22487  38.97500  10.50042   6.10000   8.37713   0.34197 3.12304e-05   0.66796   0.07827   0.00643   0.00677   0.01560  -4.50000   0.94739   0.00643
  10.60200   2.19454  38.97500  10.35732   6.30000   8.40746   0.33787 3.22266e-05   0.65648   0.08627   0.00605   0.00641   0.01543  -3.50000   0.94685   0.00605
  10.60200   2.16422  38.97500  10.21422   6.50000   8.43778   0.33376 3.32096e-05   0.64509   0.09500   0.00572   0.00610   0.01608  -2.50000   0.94837   0.00572
  10.60200   2.13390  38.97500  10.07112   6.70000   8.46810   0.32963 3.41795e-05   0.63377   0.10469   0.00540   0.00579   0.01479  -1.50000   0.95358   0.00540
  10.60200   2.10358  38.97500   9.92802   6.90000   8.49842   0.32548 3.51366e-05   0.62254   0.11506   0.00510   0.00551   0.01484  -0.50000   0.95906   0.00510
  10.60200   2.07326  38.97500   9.78491   7.10000   8.52874   0.32131 3.60811e-05   0.61138   0.12530   0.00485   0.00529   0.01453   0.50000   0.95822   0.00485
  10.60200   2.04294  38.97500   9.64181   7.30000   8.55906   0.31712 3.70129e-05   0.60031   0.13679   0.00460   0.00505   0.01470   1.50000   0.96262   0.00460
  10.60200   2.01262  38.97500   9.49871   7.50000   8.58938   0.31292 3.79325e-05   0.58931   0.14618   0.00441   0.00489   0.01480   2.50000   0.94883   0.00441
  10.60200   1.98230  38.97500   9.35561   7.70000   8.61970   0.30869 3.88398e-05   0.57839   0.15857   0.00420   0.00470   0.01473   3.50000   0.95156   0.00420
  10.60200   1.95198  38.97500   9.21251   7.90000   8.65002   0.30445 3.97350e-05   0.56755   0.17351   0.00400   0.00451   0.01456   4.50000   0.96450   0.00400
  10.60200   1.92166  38.97500   9.06941   8.10000   8.68034   0.30019 4.06184e-05   0.55678   0.18711   0.00384   0.00437   0.01448   5.50000   0.96617   0.00384
  10.60200   1.89134  38.97500   8.92630   8.30000   8.71066   0.29591 4.14900e-05   0.54609   0.20155   0.00370   0.00425   0.01484   6.50000   0.96847   0.00370
  10.60200   1.86102  38.97500   8.78320   8.50000   8.74098   0.29162 4.23500e-05   0.53547   0.22082   0.00358   0.00412   0.01462   7.50000   0.98899   0.00358
  10.60200   1.83069  38.97500   8.64010   8.70000   8.77131   0.28731 4.31986e-05   0.52492   0.23997   0.00357   0.00409   0.01774   8.50000   1.00385   0.00357
  10.60200   1.80037  38.97500   8.49700   8.90000   8.80163   0.28298 4.40359e-05   0.51445   0.26003   0.00373   0.00422   0.02453   9.50000   1.01766   0.00373
  10.60200   2.96015  38.97500  13.97063   1.25000   7.64185   0.43528 2.57715e-06   0.97422   0.00136   0.06994   0.06997   0.04202  -9.50000   0.93825   0.06994
  10.60200   2.94499  38.97500  13.89908   1.35000   7.65701   0.43348 3.26391e-06   0.96731   0.00151   0.06464   0.06467   0.04243  -8.50000   0.92409   0.06464
  10.60200   2.92983  38.97500  13.82753   1.45000   7.67217   0.43167 3.94628e-06   0.96043   0.00190   0.05493   0.05496   0.04073  -7.50000   1.02979   0.05493
  10.60200   2.91466  38.97500  13.75598   1.55000   7.68734   0.42985 4.62426e-06   0.95358   0.00196   0.05232   0.05235   0.04914  -6.50000   0.93982   0.05232
  10.60200   2.89950  38.97500  13.68443   1.65000   7.70250   0.42803 5.29790e-06   0.94675   0.00226   0.04777   0.04781   0.05096  -5.50000   0.96028   0.04777
  10.60200   2.88434  38.97500  13.61288   1.75000   7.71766   0.42620 5.96721e-06   0.93995   0.00277   0.04203   0.04207   0.04851  -4.50000   1.03837   0.04203
  10.60200   2.86918  38.97500  13.54133   1.85000   7.73282   0.42437 6.63222e-06   0.93318   0.00290   0.04011   0.04016   0.05531  -3.50000   0.96110   0.04011
  10.60200   2.85402  38.97500  13.46978   1.95000   7.74798   0.42254 7.29293e-06   0.92643   0.00323   0.03774   0.03779   0.06225  -2.50000   0.94719   0.03774
  10.60200   2.83886  38.97500  13.39823   2.05000   7.76314   0.42070 7.94940e-06   0.91971   0.00376   0.03491   0.03496   0.05817  -1.50000   0.97571   0.03491
  10.60200   2.82370  38.97500  13.32668   2.15000   7.77830   0.41885 8.60163e-06   0.91302   0.00394   0.03387   0.03393   0.06365  -0.50000   0.90921   0.03387
  10.60200   2.80854  38.97500  13.25513   2.25000   7.79346   0.41700 9.24965e-06   0.90635   0.00454   0.03101   0.03107   0.05807   0.50000   0.93457   0.03101
  10.60200   2.79338  38.97500  13.18358   2.35000   7.80862   0.41514 9.89349e-06   0.89970   0.00532   0.02865   0.02871   0.05079   1.50000   0.98161   0.02865
  10.60200   2.77822  38.97500  13.11202   2.45000   7.82378   0.41328 1.05332e-05   0.89309   0.00571   0.02741   0.02748   0.04890   2.50000   0.94605   0.02741
  10.60200   2.76306  38.97500  13.04047   2.55000   7.83894   0.41142 1.11687e-05   0.88650   0.00622   0.02602   0.02610   0.04685   3.50000   0.92779   0.02602
  10.60200   2.74790  38.97500  12.96892   2.65000   7.85410   0.40955 1.18001e-05   0.87993   0.00680   0.02466   0.02474   0.04500   4.50000   0.91684   0.02466
  10.60200   2.73274  38.97500  12.89737   2.75000   7.86926   0.40767 1.24274e-05   0.87339   0.00782   0.02285   0.02293   0.04148   5.50000   0.95521   0.02285
  10.60200   2.71758  38.97500  12.82582   2.85000   7.88442   0.40579 1.30507e-05   0.86688   0.00842   0.02193   0.02202   0.03774   6.50000   0.93401   0.02193
  10.60200   2.70242  38.97500  12.75427   2.95000   7.89958   0.40390 1.36698e-05   0.86038   0.00964   0.02032   0.02041   0.03458   7.50000   0.97479   0.02032
  10.60200   2.68726  38.97500  12.68272   3.05000   7.91474   0.40201 1.42850e-05   0.85392   0.01028   0.01975   0.01984   0.03303   8.50000   0.94810   0.01975
  10.60200   2.67210  38.97500  12.61117   3.15000   7.92990   0.40011 1.48962e-05   0.84748   0.01085   0.01894   0.01904   0.03287   9.50000   0.91627   0.01894
  10.60200   2.65694  38.97500  12.53962   3.25000   7.94506   0.39821 1.55034e-05   0.84106   0.01182   0.01807   0.01818   0.03074  10.50000   0.91495   0.01807
  10.60200   2.64178  38.97500  12.46807   3.35000   7.96022   0.39631 1.61066e-05   0.83467   0.01305   0.01711   0.01722   0.02933  11.50000   0.92757   0.01711
  10.60200   2.62662  38.97500  12.39652   3.45000   7.97538   0.39440 1.67059e-05   0.82830   0.01444   0.01606   0.01617   0.02761  12.50000   0.94512   0.01606
  10.60200   2.61146  38.97500  12.32497   3.55000   7.99054   0.39248 1.73013e-05   0.82196   0.01551   0.01553   0.01565   0.02709  13.50000   0.93558   0.01553
  10.60200   2.59630  38.97500  12.25342   3.65000   8.00570   0.39056 1.78928e-05   0.81564   0.01670   0.01484   0.01497   0.02674  14.50000   0.93072   0.01484
  10.60200   2.58114  38.97500  12.18186   3.75000   8.02086   0.38863 1.84804e-05   0.80935   0.01818   0.01417   0.01430   0.02581  15.50000   0.93770   0.01417
  10.60200   2.56598  38.97500  12.11031   3.85000   8.03602   0.38670 1.90642e-05   0.80307   0.01953   0.01358   0.01372   0.02643  16.50000   0.93360   0.01358
  10.60200   2.55081  38.97500  12.03876   3.95000   8.05119   0.38477 1.96441e-05   0.79683   0.02151   0.01289   0.01303   0.02516  17.50000   0.95469   0.01289
  10.60200   2.53565  38.97500  11.96721   4.05000   8.06635   0.38282 2.02203e-05   0.79060   0.02285   0.01242   0.01257   0.02476  18.50000   0.94342   0.01242
  10.60200   2.52049  38.97500  11.89566   4.15000   8.08151   0.38088 2.07927e-05   0.78440   0.02441   0.01192   0.01208   0.02466  19.50000   0.93863   0.01192
  10.60200   2.50533  38.97500  11.82411   4.25000   8.09667   0.37893 2.13613e-05   0.77822   0.02604   0.01152   0.01169   0.02458  20.50000   0.93375   0.01152
  10.60200   2.49017  38.97500  11.75256   4.35000   8.11183   0.37697 2.19262e-05   0.77207   0.02840   0.01098   0.01115   0.02365  21.50000   0.95144   0.01098
  10.60200   2.47501  38.97500  11.68101   4.45000   8.12699   0.37501 2.24874e-05   0.76593   0.02967   0.01068   0.01085   0.02424  22.50000   0.92975   0.01068
  10.60200   2.45985  38.97500  11.60946   4.55000   8.14215   0.37305 2.30449e-05   0.75983   0.03202   0.01026   0.01044   0.02413  23.50000   0.93922   0.01026
  10.60200   2.44469  38.97500  11.53791   4.65000   8.15731   0.37108 2.35987e-05   0.75374   0.03442   0.00989   0.01007   0.02541  24.50000   0.94661   0.00989
  10.60200   2.42953  38.97500  11.46636   4.75000   8.17247   0.36910 2.41489e-05   0.74768   0.03699   0.00944   0.00964   0.02422  25.50000   0.95474   0.00944
  10.60200   2.41437  38.97500  11.39481   4.85000   8.18763   0.36712 2.46954e-05   0.74163   0.03918   0.00921   0.00941   0.02604  26.50000   0.95041   0.00921
  10.60200   2.39921  38.97500  11.32326   4.95000   8.20279   0.36514 2.52384e-05   0.73562   0.04108   0.00895   0.00916   0.02847  27.50000   0.93718   0.00895
  10.60200   2.38405  38.97500  11.25170   5.05000   8.21795   0.36315 2.57778e-05   0.72962   0.04401   0.00866   0.00887   0.03447  28.50000   0.94538   0.00866
  10.60200   2.36889  38.97500  11.18015   5.15000   8.23311   0.36115 2.63136e-05   0.72364   0.04622   0.00844   0.00867   0.03618  29.50000   0.93570   0.00844
