0	21	0.311975	0.0014	0.011	0.001	0	0.000247647	0.00370392	0.000142096	0.00502728	0.0127685
0	21	0.316665	0.0014	0.011	0.001	0	0.00024481	0.00334274	0.000143953	0.00502504	0.0126675
0	21	0.321396	0.0014	0.011	0.001	0	0.000545174	0.00301715	0.000145858	0.00502302	0.0125941
0	21	0.326169	0.0014	0.011	0.001	0	0.000410318	0.00272413	0.00014781	0.00502118	0.0125213
0	21	0.330985	0.0014	0.011	0.001	0	0.000197208	0.00245991	0.000149812	0.00501945	0.0124606
0	21	0.335844	0.0014	0.011	0.001	0	0.000650406	0.00222175	0.000151866	0.00501796	0.0124307
0	21	0.340747	0.0014	0.011	0.001	0	0.000409315	0.0020076	0.000153974	0.00501656	0.0123834
0	21	0.345694	0.0014	0.011	0.001	0	0.000407581	0.0018147	0.000156137	0.00501529	0.012353
0	21	0.350686	0.0014	0.011	0.001	0	0.000455292	0.00164066	0.000158358	0.00501412	0.0123299
0	21	0.355724	0.0014	0.011	0.001	0	0.000828839	0.0014842	0.00016064	0.00501305	0.0123291
0	21	0.360808	0.0014	0.011	0.001	0	0.000359236	0.00134282	0.000162985	0.00501208	0.0122898
0	21	0.365938	0.0014	0.011	0.001	0	0.000769783	0.00121568	0.000165394	0.00501119	0.0122951
0	21	0.371116	0.0014	0.011	0.001	0	0.000305564	0.0011009	0.000167872	0.00501037	0.0122637
0	21	0.376343	0.0014	0.011	0.001	0	0.000959398	0.000997266	0.000170421	0.00500963	0.0122882
0	21	0.381618	0.0014	0.011	0.001	0	0.000588545	0.000903724	0.000173044	0.00500894	0.0122573
0	21	0.414186	0.0014	0.011	0.001	0	0.000512034	0.000505257	0.000190442	0.00500588	0.01223
0	21	0.421019	0.0014	0.011	0.001	0	0.000204466	0.000449781	0.000194379	0.00500541	0.0122187
0	21	0.427933	0.0014	0.011	0.001	0	0.000203174	0.000400726	0.000198471	0.005005	0.0122168
0	21	0.434929	0.0014	0.011	0.001	0	0.000336937	0.00035732	0.000202729	0.00500462	0.0122184
0	21	0.442009	0.0014	0.011	0.001	0	0.000887222	0.000318886	0.000207163	0.00500429	0.0122448
0	21	0.449173	0.0014	0.011	0.001	0	0.00101426	0.000284846	0.000211783	0.00500398	0.0122538
0	21	0.456424	0.0014	0.011	0.001	0	0.000828268	0.000254673	0.000216601	0.00500371	0.0122391
0	21	0.463762	0.0014	0.011	0.001	0	0.000685986	0.000227893	0.000221629	0.00500347	0.0122297
0	21	0.471191	0.0014	0.011	0.001	0	0.000526974	0.000204123	0.000226883	0.00500323	0.0122214
0	21	0.47871	0.0014	0.011	0.001	0	0.00107225	0.000182963	0.000232376	0.00500303	0.0122567
0	21	0.486322	0.0014	0.011	0.001	0	0.000265313	0.00016413	0.000238126	0.00500284	0.0122124
0	21	0.49403	0.0014	0.011	0.001	0	0.0007131	0.000147386	0.00024415	0.00500267	0.0122302
0	21	0.501833	0.0014	0.011	0.001	0	0.000392919	0.000132479	0.000250467	0.00500252	0.0122156
0	21	0.509735	0.0014	0.011	0.001	0	0.00094725	0.000119221	0.0002571	0.00500239	0.0122459
0	21	0.517737	0.0014	0.011	0.001	0	0.000698181	0.000107426	0.000264072	0.00500226	0.0122291
0	21	0.499653	0.0014	0.011	0.001	0	0.000851882	0.000136444	0.000248679	0.00500256	0.0122389
0	21	0.508511	0.0014	0.011	0.001	0	0.00068945	0.000121154	0.000256056	0.0050024	0.0122286
0	21	0.517495	0.0014	0.011	0.001	0	0.000712354	0.00010776	0.000263857	0.00500227	0.0122299
0	21	0.526608	0.0014	0.011	0.001	0	0.00067303	9.59978e-05	0.000272118	0.00500214	0.0122277
0	21	0.535853	0.0014	0.011	0.001	0	0.000638412	8.56827e-05	0.000280881	0.00500204	0.012226
0	21	0.545232	0.0014	0.011	0.001	0	0.000881373	7.6595e-05	0.000290191	0.00500194	0.0122412
0	21	0.554749	0.0014	0.011	0.001	0	0.000331728	6.85783e-05	0.0003001	0.00500186	0.0122141
0	21	0.564406	0.0014	0.011	0.001	0	0.000410499	6.14971e-05	0.000310667	0.0050018	0.0122167
0	21	0.574207	0.0014	0.011	0.001	0	0.000556192	5.52583e-05	0.000321958	0.00500174	0.0122227
0	21	0.584155	0.0014	0.011	0.001	0	0.000945794	4.97624e-05	0.000334048	0.0050017	0.0122469
0	21	0.594254	0.0014	0.011	0.001	0	0.000752966	4.49055e-05	0.000347023	0.00500167	0.0122338
0	21	0.604506	0.0014	0.011	0.001	0	0.000798081	4.06157e-05	0.000360982	0.00500165	0.0122371
0	21	0.614915	0.0014	0.011	0.001	0	0.000526063	3.68112e-05	0.000376038	0.00500165	0.0122228
0	21	0.625485	0.0014	0.011	0.001	0	0.00071121	3.34375e-05	0.000392324	0.00500166	0.0122326
0	21	0.63622	0.0014	0.011	0.001	0	0.00043566	3.04349e-05	0.000409992	0.00500169	0.0122203
0	21	0.6192	0.0014	0.011	0.001	0	0.000453599	3.53911e-05	0.000382514	0.00500165	0.0122201
0	21	0.631245	0.0014	0.011	0.001	0	0.00050717	3.17738e-05	0.000401656	0.00500167	0.0122228
0	21	0.643504	0.0014	0.011	0.001	0	0.000596306	2.86191e-05	0.000422687	0.00500171	0.0122275
0	21	0.655982	0.0014	0.011	0.001	0	0.000785517	2.58606e-05	0.000445895	0.00500178	0.012239
0	21	0.668685	0.0014	0.011	0.001	0	0.000681897	2.34577e-05	0.000471628	0.00500187	0.0122338
0	21	0.681619	0.0014	0.011	0.001	0	0.00054247	2.13557e-05	0.00050031	0.00500201	0.012228
0	21	0.69479	0.0014	0.011	0.001	0	0.000434038	1.95451e-05	0.000532467	0.00500221	0.0122252
0	21	0.708206	0.0014	0.011	0.001	0	3.99807e-05	1.80099e-05	0.000568755	0.00500249	0.0122193
0	21	0.721872	0.0014	0.011	0.001	0	0.000900017	1.67448e-05	0.000610003	0.00500288	0.0122544
0	21	0.735797	0.0014	0.011	0.001	0	0.00202302	1.5716e-05	0.000657277	0.00500345	0.0123903
0	21	0.749987	0.0014	0.011	0.001	0	0.00242995	1.48696e-05	0.000711964	0.00500424	0.0124665
0	21	0.76445	0.0014	0.011	0.001	0	0.000717879	1.4055e-05	0.00077591	0.0050053	0.0122528
0	21	0.779194	0.0014	0.011	0.001	0	0.017936	1.27956e-05	0.000851616	0.00500654	0.0217129
0	21	0.794227	0.0014	0.011	0.001	0	0.00747274	1.12058e-05	0.000942558	0.00500839	0.0143448
0	21	0.809559	0.0014	0.011	0.001	0	0.0284486	1.23397e-05	0.00105371	0.00501388	0.0309763
0	21	0.777671	0.0014	0.011	0.001	0	0.0154513	1.29655e-05	0.000843231	0.00500642	0.0197098
0	21	0.794584	0.0014	0.011	0.001	0	0.00745566	1.1203e-05	0.000944914	0.00500848	0.0143361
0	21	0.811875	0.0014	0.011	0.001	0	0.024917	1.25323e-05	0.00107247	0.00501496	0.027769
0	21	0.829558	0.0014	0.011	0.001	0	0.00701376	1.28775e-05	0.00123687	0.0050246	0.0141396
0	21	0.847644	0.0014	0.011	0.001	0	0.0529225	1.054e-05	0.00145623	0.00503671	0.0543345
0	21	0.866148	0.0014	0.011	0.001	0	0.0430166	1.15675e-05	0.00176252	0.00507762	0.0447579
0	21	0.885085	0.0014	0.011	0.001	0	0.00696434	1.31986e-05	0.00221795	0.00517813	0.0142897
0	21	0.904471	0.0014	0.011	0.001	0	0.0218922	1.50285e-05	0.0029607	0.00544096	0.0253298
0	21	0.92432	0.0014	0.011	0.001	0	0.0284138	1.63546e-05	0.00436857	0.00609553	0.0314252
1	21	0.220553	0.0014	0.011	0.001	0	0.000231993	0.00102208	0.000110946	0.00519149	0.0123297
1	21	0.223715	0.0014	0.011	0.001	0	0.000272956	0.000940047	0.000111883	0.00517738	0.0123181
1	21	0.226896	0.0014	0.011	0.001	0	0.000303421	0.000864557	0.000112835	0.00516431	0.0123078
1	21	0.230099	0.0014	0.011	0.001	0	0.000329717	0.000795117	0.000113802	0.00515227	0.0122988
1	21	0.233322	0.0014	0.011	0.001	0	0.000222077	0.000731095	0.000114785	0.0051411	0.0122877
1	21	0.236567	0.0014	0.011	0.001	0	0.000268417	0.00067222	0.000115785	0.00513088	0.012281
1	21	0.239833	0.0014	0.011	0.001	0	0.000300733	0.00061805	0.000116801	0.0051212	0.0122749
1	21	0.243121	0.0014	0.011	0.001	0	0.000495989	0.000568178	0.000117833	0.00511236	0.0122751
1	21	0.246431	0.0014	0.011	0.001	0	0.000415016	0.00052249	0.000118883	0.00510421	0.0122667
1	21	0.249762	0.0014	0.011	0.001	0	0.000454403	0.00048037	0.000119951	0.00509668	0.0122633
1	21	0.253116	0.0014	0.011	0.001	0	0.000388438	0.000441653	0.000121037	0.0050897	0.0122567
1	21	0.256493	0.0014	0.011	0.001	0	0.000513661	0.000406107	0.000122142	0.00508324	0.0122574
1	21	0.259892	0.0014	0.011	0.001	0	0.000867243	0.000373396	0.000123266	0.00507728	0.0122738
1	21	0.263314	0.0014	0.011	0.001	0	0.000606235	0.000343342	0.00012441	0.00507176	0.0122549
1	21	0.26676	0.0014	0.011	0.001	0	0.000310155	0.00031574	0.000125573	0.00506665	0.012241
1	21	0.270228	0.0014	0.011	0.001	0	0.00022472	0.000290391	0.000126758	0.00506195	0.0122366
1	21	0.273721	0.0014	0.011	0.001	0	0.000328339	0.000267094	0.000127964	0.0050576	0.0122366
1	21	0.277237	0.0014	0.011	0.001	0	0.000353949	0.000245657	0.000129191	0.00505355	0.0122352
1	21	0.280778	0.0014	0.011	0.001	0	0.000354945	0.000225967	0.000130441	0.00504982	0.0122333
1	21	0.284343	0.0014	0.011	0.001	0	0.000476527	0.000207863	0.000131714	0.00504635	0.0122357
1	21	0.287933	0.0014	0.011	0.001	0	0.000554795	0.00019122	0.00013301	0.00504312	0.0122374
1	21	0.291547	0.0014	0.011	0.001	0	0.000398851	0.000175921	0.000134331	0.00504018	0.0122299
1	21	0.295187	0.0014	0.011	0.001	0	0.000416602	0.000161856	0.000135677	0.00503743	0.0122292
1	21	0.298852	0.0014	0.011	0.001	0	0.000429037	0.000148923	0.000137048	0.00503487	0.0122284
1	21	0.302543	0.0014	0.011	0.001	0	0.000503632	0.000137032	0.000138446	0.00503254	0.0122302
1	21	0.30626	0.0014	0.011	0.001	0	0.000364619	0.000126101	0.00013987	0.00503034	0.0122243
1	21	0.310004	0.0014	0.011	0.001	0	0.000516634	0.000116056	0.000141323	0.00502829	0.0122288
1	21	0.313774	0.0014	0.011	0.001	0	0.000445432	0.000106814	0.000142804	0.00502639	0.0122252
1	21	0.31757	0.0014	0.011	0.001	0	0.00017655	9.83257e-05	0.000144315	0.00502464	0.0122176
1	21	0.321394	0.0014	0.011	0.001	0	0.000545638	9.05186e-05	0.000145857	0.00502302	0.0122278
1	21	0.325245	0.0014	0.011	0.001	0	0.000396899	8.334e-05	0.000147429	0.00502151	0.0122214
1	21	0.329124	0.0014	0.011	0.001	0	0.000440455	7.67525e-05	0.000149034	0.00502012	0.0122223
1	21	0.28836	0.0014	0.011	0.001	0	0.000478947	0.000189338	0.000133166	0.00504276	0.0122341
1	21	0.292786	0.0014	0.011	0.001	0	0.000355225	0.00017099	0.000134787	0.00503922	0.0122281
1	21	0.297249	0.0014	0.011	0.001	0	0.000615456	0.000154431	0.000136446	0.00503596	0.0122369
1	21	0.30175	0.0014	0.011	0.001	0	0.000453354	0.000139496	0.000138144	0.00503301	0.0122285
1	21	0.30629	0.0014	0.011	0.001	0	0.000370573	0.000126018	0.000139882	0.00503033	0.0122244
1	21	0.310869	0.0014	0.011	0.001	0	0.000188677	0.000113861	0.000141662	0.00502784	0.0122192
1	21	0.315488	0.0014	0.011	0.001	0	0.00020302	0.000102888	0.000143485	0.00502558	0.0122184
1	21	0.320148	0.0014	0.011	0.001	0	0.000156375	9.2982e-05	0.000145352	0.00502353	0.0122168
1	21	0.324848	0.0014	0.011	0.001	0	0.000182657	8.40512e-05	0.000147266	0.00502165	0.0122163
1	21	0.329589	0.0014	0.011	0.001	0	0.000314479	7.59997e-05	0.000149228	0.00501996	0.0122183
1	21	0.334373	0.0014	0.011	0.001	0	0.000181036	6.87312e-05	0.00015124	0.00501841	0.0122149
1	21	0.339198	0.0014	0.011	0.001	0	9.903e-05	6.2181e-05	0.000153304	0.00501699	0.0122134
1	21	0.344067	0.0014	0.011	0.001	0	0.00049292	5.62691e-05	0.000155421	0.00501569	0.0122224
1	21	0.34898	0.0014	0.011	0.001	0	0.000442574	5.09384e-05	0.000157595	0.00501451	0.01222
1	21	0.353937	0.0014	0.011	0.001	0	0.000923304	4.61263e-05	0.000159826	0.00501342	0.0122464
1	21	0.358938	0.0014	0.011	0.001	0	0.000802603	4.17909e-05	0.000162117	0.00501243	0.0122375
1	21	0.363985	0.0014	0.011	0.001	0	0.000499559	3.78682e-05	0.000164472	0.00501152	0.012221
1	21	0.369078	0.0014	0.011	0.001	0	0.000851023	3.43343e-05	0.000166891	0.00501068	0.0122401
1	21	0.374217	0.0014	0.011	0.001	0	0.000358848	3.11412e-05	0.000169379	0.00500992	0.0122155
1	21	0.379404	0.0014	0.011	0.001	0	0.000716974	2.82524e-05	0.000171937	0.00500922	0.012231
1	21	0.384639	0.0014	0.011	0.001	0	0.000686789	2.56393e-05	0.000174569	0.00500857	0.012229
1	21	0.389922	0.0014	0.011	0.001	0	0.000758843	2.32751e-05	0.000177279	0.00500798	0.0122331
1	21	0.395255	0.0014	0.011	0.001	0	0.000521953	2.11376e-05	0.000180068	0.00500745	0.0122205
1	21	0.400638	0.0014	0.011	0.001	0	0.000605698	1.92e-05	0.000182942	0.00500693	0.0122242
1	21	0.406071	0.0014	0.011	0.001	0	0.000464295	1.74469e-05	0.000185903	0.00500648	0.0122178
1	21	0.411556	0.0014	0.011	0.001	0	0.000444824	1.58596e-05	0.000188955	0.00500607	0.012217
1	21	0.417093	0.0014	0.011	0.001	0	0.000329418	1.44228e-05	0.000192104	0.00500567	0.0122132
1	21	0.422683	0.0014	0.011	0.001	0	0.000741528	1.31217e-05	0.000195353	0.00500531	0.0122312
1	21	0.428327	0.0014	0.011	0.001	0	0.00038062	1.19431e-05	0.000198707	0.00500497	0.0122145
1	21	0.434025	0.0014	0.011	0.001	0	0.000525704	1.08787e-05	0.000202172	0.00500467	0.0122198
1	21	0.439778	0.0014	0.011	0.001	0	0.000315982	9.9121e-06	0.000205752	0.00500439	0.0122125
1	21	0.445587	0.0014	0.011	0.001	0	0.000914275	9.03959e-06	0.000209453	0.00500413	0.0122426
1	21	0.380414	0.0014	0.011	0.001	0	0.000637228	2.77258e-05	0.000172441	0.00500909	0.0122265
1	21	0.386776	0.0014	0.011	0.001	0	0.000558456	2.46508e-05	0.000175659	0.00500833	0.0122224
1	21	0.393211	0.0014	0.011	0.001	0	0.000694639	2.1929e-05	0.000178992	0.00500764	0.0122291
1	21	0.399718	0.0014	0.011	0.001	0	0.000516734	1.95154e-05	0.000182447	0.00500701	0.0122201
1	21	0.4063	0.0014	0.011	0.001	0	0.000485133	1.73769e-05	0.000186029	0.00500647	0.0122186
1	21	0.412958	0.0014	0.011	0.001	0	0.000435968	1.54806e-05	0.000189746	0.00500597	0.0122166
1	21	0.419692	0.0014	0.011	0.001	0	0.000343431	1.38005e-05	0.000193606	0.0050055	0.0122135
1	21	0.426505	0.0014	0.011	0.001	0	0.00064171	1.2311e-05	0.000197616	0.00500508	0.0122255
1	21	0.433397	0.0014	0.011	0.001	0	0.000810301	1.09906e-05	0.000201786	0.0050047	0.0122354
1	21	0.44037	0.0014	0.011	0.001	0	0.000673685	9.81827e-06	0.000206125	0.00500436	0.012227
1	21	0.447426	0.0014	0.011	0.001	0	0.00053882	8.78092e-06	0.000210643	0.00500405	0.0122203
1	21	0.454565	0.0014	0.011	0.001	0	0.000704941	7.86085e-06	0.000215352	0.00500378	0.0122287
1	21	0.46179	0.0014	0.011	0.001	0	0.00104476	7.04239e-06	0.000220263	0.00500352	0.012253
1	21	0.469102	0.0014	0.011	0.001	0	0.00100083	6.31482e-06	0.000225389	0.00500329	0.0122493
1	21	0.476503	0.0014	0.011	0.001	0	0.000320786	5.66654e-06	0.000230745	0.00500309	0.0122126
1	21	0.483994	0.0014	0.011	0.001	0	0.000701389	5.08925e-06	0.000236346	0.0050029	0.0122285
1	21	0.491576	0.0014	0.011	0.001	0	0.000466053	4.57442e-06	0.000242209	0.00500273	0.0122173
1	21	0.499252	0.0014	0.011	0.001	0	0.000739131	4.1155e-06	0.000248353	0.00500257	0.0122309
1	21	0.507024	0.0014	0.011	0.001	0	0.000500984	3.70702e-06	0.000254797	0.00500243	0.0122188
1	21	0.514892	0.0014	0.011	0.001	0	0.000695447	3.34309e-06	0.000261563	0.00500231	0.0122285
1	21	0.52286	0.0014	0.011	0.001	0	0.000812532	3.01905e-06	0.000268676	0.00500218	0.0122358
1	21	0.530928	0.0014	0.011	0.001	0	0.000639912	2.72973e-06	0.000276163	0.00500209	0.0122257
1	21	0.539099	0.0014	0.011	0.001	0	0.000780362	2.47166e-06	0.000284053	0.005002	0.012234
1	21	0.547374	0.0014	0.011	0.001	0	0.000617621	2.24085e-06	0.000292379	0.00500191	0.0122248
1	21	0.555756	0.0014	0.011	0.001	0	0.000333236	2.03373e-06	0.000301177	0.00500186	0.0122139
1	21	0.564247	0.0014	0.011	0.001	0	0.000353612	1.84818e-06	0.000310488	0.0050018	0.0122147
1	21	0.572849	0.0014	0.011	0.001	0	0.0004707	1.68221e-06	0.000320357	0.00500175	0.0122189
1	21	0.581564	0.0014	0.011	0.001	0	0.0001934	1.5334e-06	0.000330834	0.00500171	0.0122116
1	21	0.590394	0.0014	0.011	0.001	0	0.000379408	1.40032e-06	0.000341976	0.00500168	0.0122163
1	21	0.599342	0.0014	0.011	0.001	0	0.000465531	1.28108e-06	0.000353848	0.00500166	0.0122196
1	21	0.60841	0.0014	0.011	0.001	0	0.000532099	1.17393e-06	0.00036652	0.00500165	0.0122227
1	21	0.6176	0.0014	0.011	0.001	0	0.000618445	1.07737e-06	0.000380077	0.00500165	0.0122272
1	21	0.563227	0.0014	0.011	0.001	0	0.000254074	1.8693e-06	0.000309348	0.0050018	0.0122122
1	21	0.574197	0.0014	0.011	0.001	0	0.000555662	1.65794e-06	0.000321945	0.00500174	0.0122225
1	21	0.58535	0.0014	0.011	0.001	0	0.000379462	1.47449e-06	0.000335545	0.0050017	0.0122161
1	21	0.596693	0.0014	0.011	0.001	0	0.000477557	1.31496e-06	0.00035027	0.00500167	0.01222
1	21	0.60823	0.0014	0.011	0.001	0	0.00054172	1.17593e-06	0.000366262	0.00500165	0.0122231
1	21	0.619966	0.0014	0.011	0.001	0	0.000357553	1.05431e-06	0.000383689	0.00500165	0.0122169
1	21	0.631905	0.0014	0.011	0.001	0	0.000598484	9.47783e-07	0.000402747	0.00500167	0.0122269
1	21	0.644054	0.0014	0.011	0.001	0	0.000478542	8.54663e-07	0.000423671	0.00500171	0.0122223
1	21	0.656419	0.0014	0.011	0.001	0	0.000771717	7.73164e-07	0.000446744	0.00500178	0.0122382
1	21	0.669004	0.0014	0.011	0.001	0	0.000691881	7.02067e-07	0.000472304	0.00500188	0.0122344
1	21	0.681816	0.0014	0.011	0.001	0	0.000534864	6.39794e-07	0.000500768	0.00500202	0.0122277
1	21	0.69486	0.0014	0.011	0.001	0	0.000433588	5.86092e-07	0.000532648	0.00500221	0.0122251
1	21	0.708144	0.0014	0.011	0.001	0	3.85132e-05	5.40484e-07	0.000568581	0.00500249	0.0122192
1	21	0.721675	0.0014	0.011	0.001	0	0.000898368	5.02826e-07	0.000609373	0.00500288	0.0122543
1	21	0.735458	0.0014	0.011	0.001	0	0.00198646	4.72134e-07	0.000656056	0.00500343	0.0123843
1	21	0.749501	0.0014	0.011	0.001	0	0.00245422	4.46866e-07	0.00070997	0.00500421	0.0124711
1	21	0.763812	0.0014	0.011	0.001	0	0.000439044	4.22769e-07	0.00077289	0.00500525	0.0122394
1	21	0.778398	0.0014	0.011	0.001	0	0.0164245	3.86536e-07	0.000847214	0.00500648	0.0204819
1	21	0.793267	0.0014	0.011	0.001	0	0.00350034	3.37221e-07	0.000936262	0.00500819	0.0127346
1	21	0.808428	0.0014	0.011	0.001	0	0.0304504	3.6701e-07	0.00104476	0.00501337	0.0328239
1	21	0.823889	0.0014	0.011	0.001	0	0.00502204	3.89924e-07	0.00117966	0.00502125	0.0132584
1	21	0.839659	0.0014	0.011	0.001	0	0.0399877	3.56892e-07	0.00135163	0.00503085	0.0418343
1	21	0.855748	0.0014	0.011	0.001	0	0.0244005	3.03712e-07	0.00157783	0.0050481	0.0273371
1	21	0.872165	0.0014	0.011	0.001	0	0.0238831	3.69231e-07	0.00188777	0.00510177	0.0269064
1	21	0.888921	0.0014	0.011	0.001	0	0.00867991	4.03147e-07	0.00233655	0.00521108	0.0152288
1	21	0.906026	0.0014	0.011	0.001	0	0.0218932	4.57725e-07	0.00303983	0.00547485	0.0253473
1	21	0.923491	0.0014	0.011	0.001	0	0.025979	4.92831e-07	0.00428625	0.00605817	0.0292222
1	25	0.280669	0.0014	0.011	0.001	0	0.000552845	0.000778738	0.000118728	0.00512792	0.0122956
1	25	0.284605	0.0014	0.011	0.001	0	0.000435557	0.000710852	0.000119886	0.00511798	0.0122826
1	25	0.288565	0.0014	0.011	0.001	0	0.000599955	0.000648829	0.000121066	0.00510881	0.0122823
1	25	0.292548	0.0014	0.011	0.001	0	0.000676157	0.000592205	0.000122269	0.00510042	0.0122799
1	25	0.296554	0.0014	0.011	0.001	0	0.000428098	0.000540509	0.000123493	0.00509264	0.0122632
1	25	0.300585	0.0014	0.011	0.001	0	0.000564736	0.000493289	0.000124741	0.00508553	0.0122638
1	25	0.304639	0.0014	0.011	0.001	0	0.000385494	0.000450209	0.000126014	0.00507897	0.0122525
1	25	0.308718	0.0014	0.011	0.001	0	0.000428412	0.000410894	0.00012731	0.00507295	0.01225
1	25	0.312822	0.0014	0.011	0.001	0	0.000412677	0.000375014	0.000128633	0.00506739	0.0122461
1	25	0.31695	0.0014	0.011	0.001	0	0.000611214	0.000342273	0.000129981	0.00506225	0.0122513
1	25	0.321103	0.0014	0.011	0.001	0	0.000612961	0.000312417	0.000131356	0.00505758	0.0122487
1	25	0.325281	0.0014	0.011	0.001	0	0.000334833	0.000285188	0.000132759	0.00505327	0.0122355
1	25	0.329485	0.0014	0.011	0.001	0	0.000592566	0.000260367	0.00013419	0.0050493	0.0122431
1	25	0.333714	0.0014	0.011	0.001	0	0.000227001	0.000237714	0.000135651	0.00504565	0.0122289
1	25	0.33797	0.0014	0.011	0.001	0	0.00025804	0.000217058	0.000137142	0.00504228	0.0122277
1	25	0.342251	0.0014	0.011	0.001	0	0.00035203	0.000198243	0.000138664	0.00503917	0.0122285
1	25	0.346559	0.0014	0.011	0.001	0	0.000677446	0.000181088	0.000140219	0.00503638	0.0122408
1	25	0.350893	0.0014	0.011	0.001	0	0.000373484	0.000165468	0.000141806	0.00503374	0.0122264
1	25	0.355254	0.0014	0.011	0.001	0	0.000782344	0.000151228	0.000143428	0.00503131	0.0122446
1	25	0.359642	0.0014	0.011	0.001	0	0.000702559	0.000138248	0.000145085	0.00502909	0.0122387
1	25	0.364058	0.0014	0.011	0.001	0	0.000235734	0.000126403	0.000146778	0.00502706	0.0122198
1	25	0.368501	0.0014	0.011	0.001	0	0.000298581	0.000115594	0.00014851	0.00502483	0.0122202
1	25	0.372972	0.0014	0.011	0.001	0	0.000737111	0.000105743	0.00015028	0.00502343	0.0122381
1	25	0.377472	0.0014	0.011	0.001	0	0.000849411	9.67601e-05	0.00015209	0.00502182	0.0122447
1	25	0.381999	0.0014	0.011	0.001	0	0.000683521	8.85544e-05	0.000153942	0.00502033	0.0122337
1	25	0.386556	0.0014	0.011	0.001	0	0.000676833	8.10633e-05	0.000155837	0.00501896	0.0122327
1	25	0.391141	0.0014	0.011	0.001	0	0.000602881	7.42258e-05	0.000157776	0.00501769	0.0122283
1	25	0.395755	0.0014	0.011	0.001	0	0.000472081	6.7974e-05	0.000159761	0.00501652	0.012222
1	25	0.400399	0.0014	0.011	0.001	0	0.00052983	6.22625e-05	0.000161794	0.00501543	0.012224
1	25	0.405073	0.0014	0.011	0.001	0	0.000539941	5.70454e-05	0.000163876	0.00501443	0.012224
1	25	0.409777	0.0014	0.011	0.001	0	0.000507012	5.22754e-05	0.000166009	0.00501349	0.0122222
1	25	0.414511	0.0014	0.011	0.001	0	0.000303325	4.79116e-05	0.000168196	0.00501263	0.0122151
1	25	0.355595	0.0014	0.011	0.001	0	0.000788724	0.000150176	0.000143556	0.00503114	0.0122449
1	25	0.360866	0.0014	0.011	0.001	0	0.00013337	0.000134839	0.000145551	0.00502851	0.012219
1	25	0.366176	0.0014	0.011	0.001	0	0.000985899	0.000121118	0.0001476	0.00502613	0.0122569
1	25	0.371526	0.0014	0.011	0.001	0	0.000435475	0.000108829	0.000149704	0.00502397	0.0122239
1	25	0.376916	0.0014	0.011	0.001	0	0.000854934	9.78195e-05	0.000151865	0.00502201	0.0122452
1	25	0.382348	0.0014	0.011	0.001	0	0.000643607	8.79553e-05	0.000154086	0.00502022	0.0122314
1	25	0.38782	0.0014	0.011	0.001	0	0.000614427	7.91106e-05	0.000156368	0.0050186	0.0122292
1	25	0.393335	0.0014	0.011	0.001	0	0.000669312	7.11769e-05	0.000158715	0.00501712	0.0122315
1	25	0.398891	0.0014	0.011	0.001	0	0.000508756	6.40592e-05	0.00016113	0.00501578	0.0122232
1	25	0.404491	0.0014	0.011	0.001	0	0.000522179	5.76689e-05	0.000163615	0.00501455	0.0122233
1	25	0.410133	0.0014	0.011	0.001	0	0.00034784	5.19328e-05	0.000166173	0.00501342	0.0122166
1	25	0.41582	0.0014	0.011	0.001	0	0.000428685	4.6777e-05	0.000168807	0.0050124	0.0122188
1	25	0.42155	0.0014	0.011	0.001	0	0.000535646	4.21577e-05	0.000171521	0.00501146	0.0122226
1	25	0.427325	0.0014	0.011	0.001	0	0.000483197	3.80092e-05	0.000174319	0.00501061	0.0122201
1	25	0.433146	0.0014	0.011	0.001	0	0.000370824	3.428e-05	0.000177204	0.00500983	0.0122159
1	25	0.439013	0.0014	0.011	0.001	0	0.000390692	3.09326e-05	0.00018018	0.00500909	0.0122163
1	25	0.444926	0.0014	0.011	0.001	0	0.000756215	2.79372e-05	0.000183252	0.00500846	0.0122332
1	25	0.450885	0.0014	0.011	0.001	0	0.000650894	2.52414e-05	0.000186424	0.00500788	0.0122269
1	25	0.456893	0.0014	0.011	0.001	0	0.000588232	2.2821e-05	0.000189701	0.00500733	0.0122236
1	25	0.462948	0.0014	0.011	0.001	0	0.000404	2.06432e-05	0.000193088	0.00500683	0.0122159
1	25	0.469052	0.0014	0.011	0.001	0	0.000397835	1.86846e-05	0.000196592	0.00500636	0.0122156
1	25	0.475205	0.0014	0.011	0.001	0	0.000588384	1.69223e-05	0.000200217	0.00500594	0.0122232
1	25	0.481408	0.0014	0.011	0.001	0	0.000503409	1.53334e-05	0.00020397	0.00500555	0.0122193
1	25	0.487661	0.0014	0.011	0.001	0	0.000640006	1.39024e-05	0.000207858	0.00500519	0.0122256
1	25	0.493966	0.0014	0.011	0.001	0	0.000481208	1.26113e-05	0.000211888	0.00500487	0.0122182
1	25	0.500322	0.0014	0.011	0.001	0	0.000475611	1.14463e-05	0.000216069	0.00500457	0.012218
1	25	0.50673	0.0014	0.011	0.001	0	0.0004319	1.03967e-05	0.000220407	0.0050043	0.0122163
1	25	0.513192	0.0014	0.011	0.001	0	0.000485728	9.45031e-06	0.000224912	0.00500404	0.0122183
1	25	0.519707	0.0014	0.011	0.001	0	0.000451886	8.59743e-06	0.000229594	0.00500381	0.012217
1	25	0.526276	0.0014	0.011	0.001	0	0.000521667	7.82807e-06	0.000234464	0.00500359	0.0122198
1	25	0.532901	0.0014	0.011	0.001	0	0.000632081	7.13418e-06	0.000239532	0.0050034	0.012225
1	25	0.539581	0.0014	0.011	0.001	0	0.000734765	6.5064e-06	0.00024481	0.00500322	0.0122308
1	25	0.439594	0.0014	0.011	0.001	0	0.000748346	3.06232e-05	0.000180479	0.00500903	0.0122329
1	25	0.446503	0.0014	0.011	0.001	0	0.000435292	2.71929e-05	0.000184084	0.00500831	0.0122175
1	25	0.453477	0.0014	0.011	0.001	0	0.000653917	2.41629e-05	0.000187827	0.00500763	0.012227
1	25	0.460515	0.0014	0.011	0.001	0	0.00109099	2.1488e-05	0.000191717	0.00500702	0.012258
1	25	0.467619	0.0014	0.011	0.001	0	0.000493303	1.91265e-05	0.000195761	0.00500647	0.0122191
1	25	0.47479	0.0014	0.011	0.001	0	0.000585634	1.70352e-05	0.00019997	0.00500597	0.0122231
1	25	0.482029	0.0014	0.011	0.001	0	0.000577753	1.51835e-05	0.000204352	0.00500551	0.0122226
1	25	0.489337	0.0014	0.011	0.001	0	0.000522146	1.35456e-05	0.000208918	0.00500511	0.01222
1	25	0.496714	0.0014	0.011	0.001	0	0.000516534	1.20921e-05	0.000213681	0.00500474	0.0122197
1	25	0.504162	0.0014	0.011	0.001	0	0.000338703	1.08045e-05	0.000218653	0.0050044	0.0122134
1	25	0.511682	0.0014	0.011	0.001	0	0.00074876	9.66136e-06	0.000223847	0.0050041	0.0122316
1	25	0.519274	0.0014	0.011	0.001	0	0.000602385	8.65125e-06	0.000229279	0.00500382	0.0122235
1	25	0.526941	0.0014	0.011	0.001	0	0.000456089	7.7546e-06	0.000234965	0.00500357	0.0122172
1	25	0.534682	0.0014	0.011	0.001	0	0.00048723	6.95958e-06	0.000240923	0.00500335	0.0122184
1	25	0.5425	0.0014	0.011	0.001	0	0.000403385	6.25367e-06	0.000247172	0.00500315	0.0122154
1	25	0.550394	0.0014	0.011	0.001	0	0.000421331	5.62579e-06	0.000253733	0.00500296	0.012216
1	25	0.558367	0.0014	0.011	0.001	0	0.000475581	5.06686e-06	0.000260631	0.0050028	0.0122181
1	25	0.56642	0.0014	0.011	0.001	0	0.000663243	4.56912e-06	0.000267891	0.00500265	0.0122269
1	25	0.574553	0.0014	0.011	0.001	0	0.000237014	4.12488e-06	0.000275542	0.00500252	0.0122114
1	25	0.582768	0.0014	0.011	0.001	0	0.000201927	3.73013e-06	0.000283615	0.00500239	0.0122109
1	25	0.591066	0.0014	0.011	0.001	0	0.000633705	3.3779e-06	0.000292146	0.00500229	0.0122258
1	25	0.599448	0.0014	0.011	0.001	0	0.000392515	3.06391e-06	0.000301175	0.0050022	0.0122158
1	25	0.607917	0.0014	0.011	0.001	0	0.000513646	2.78432e-06	0.000310743	0.00500212	0.0122205
1	25	0.616472	0.0014	0.011	0.001	0	0.00040255	2.53409e-06	0.000320902	0.00500205	0.0122166
1	25	0.625115	0.0014	0.011	0.001	0	0.000406705	2.31032e-06	0.000331705	0.005002	0.012217
1	25	0.633849	0.0014	0.011	0.001	0	0.000128776	2.10971e-06	0.000343214	0.00500195	0.0122112
1	25	0.642673	0.0014	0.011	0.001	0	0.000147913	1.9301e-06	0.0003555	0.00500192	0.0122118
1	25	0.651591	0.0014	0.011	0.001	0	0.000133672	1.7691e-06	0.000368642	0.00500189	0.012212
1	25	0.660602	0.0014	0.011	0.001	0	0.000176629	1.62474e-06	0.000382731	0.00500188	0.012213
1	25	0.669708	0.0014	0.011	0.001	0	0.000336461	1.49531e-06	0.000397871	0.00500189	0.0122168
1	25	0.678912	0.0014	0.011	0.001	0	0.00027848	1.37913e-06	0.00041418	0.0050019	0.0122159
1	25	0.688215	0.0014	0.011	0.001	0	0.000178616	1.27431e-06	0.000431797	0.00500193	0.0122147
1	25	0.618621	0.0014	0.011	0.001	0	0.000383443	2.476e-06	0.000323536	0.00500204	0.0122161
1	25	0.629528	0.0014	0.011	0.001	0	0.000119202	2.20597e-06	0.000337442	0.00500197	0.012211
1	25	0.640577	0.0014	0.011	0.001	0	0.00051506	1.97076e-06	0.000352519	0.00500192	0.0122217
1	25	0.651773	0.0014	0.011	0.001	0	0.000147329	1.76609e-06	0.000368919	0.00500189	0.0122122
1	25	0.663117	0.0014	0.011	0.001	0	0.00021842	1.58743e-06	0.000386819	0.00500188	0.0122138
1	25	0.674613	0.0014	0.011	0.001	0	0.000137246	1.43178e-06	0.000406429	0.00500189	0.0122132
1	25	0.686263	0.0014	0.011	0.001	0	0.000186494	1.2954e-06	0.000428	0.00500193	0.0122146
1	25	0.698071	0.0014	0.011	0.001	0	0.000186687	1.17549e-06	0.000451837	0.00500199	0.0122155
1	25	0.71004	0.0014	0.011	0.001	0	0.000281637	1.07056e-06	0.000478305	0.00500208	0.0122184
1	25	0.722174	0.0014	0.011	0.001	0	0.000205566	9.79584e-07	0.000507855	0.00500223	0.0122181
1	25	0.734475	0.0014	0.011	0.001	0	0.000226392	9.01273e-07	0.000541046	0.00500243	0.01222
1	25	0.746948	0.0014	0.011	0.001	0	0.000733222	8.35237e-07	0.000578576	0.00500273	0.0122417
1	25	0.759595	0.0014	0.011	0.001	0	0.00160409	7.81644e-07	0.000621334	0.00500316	0.0123268
1	25	0.772421	0.0014	0.011	0.001	0	0.00245168	7.39077e-07	0.000670465	0.00500378	0.0124683
1	25	0.78543	0.0014	0.011	0.001	0	0.00290651	7.04408e-07	0.000727469	0.00500466	0.0125692
1	25	0.798625	0.0014	0.011	0.001	0	0.00243701	6.67673e-07	0.000794352	0.00500583	0.0124735
1	25	0.81201	0.0014	0.011	0.001	0	0.0234622	5.98693e-07	0.000873851	0.00500712	0.0264626
1	25	0.82559	0.0014	0.011	0.001	0	0.0281931	5.55471e-07	0.000969803	0.00500972	0.0307383
1	25	0.839368	0.0014	0.011	0.001	0	0.0230841	6.27249e-07	0.00108775	0.0050163	0.0261377
1	25	0.85335	0.0014	0.011	0.001	0	0.00600389	6.45476e-07	0.00123599	0.00502547	0.0136671
1	25	0.867539	0.0014	0.011	0.001	0	0.0551183	5.4732e-07	0.00142752	0.00503615	0.0564746
1	25	0.881941	0.0014	0.011	0.001	0	0.0551622	5.52619e-07	0.00168388	0.00506543	0.0565272
1	25	0.89656	0.0014	0.011	0.001	0	0.0156574	6.67904e-07	0.00204338	0.00513855	0.0199924
1	25	0.911401	0.0014	0.011	0.001	0	0.0180591	7.40368e-07	0.00258113	0.00529138	0.0220171
1	29	0.285511	0.0014	0.011	0.001	0	0.000513318	0.00222455	0.000112726	0.00527198	0.0125291
1	29	0.28931	0.0014	0.011	0.001	0	0.000512441	0.00205029	0.000113712	0.00525242	0.0124911
1	29	0.293127	0.0014	0.011	0.001	0	0.000347396	0.00188926	0.000114715	0.00523431	0.0124524
1	29	0.29696	0.0014	0.011	0.001	0	0.000337366	0.00174037	0.000115734	0.00521745	0.0124233
1	29	0.300811	0.0014	0.011	0.001	0	0.000545627	0.00160299	0.00011677	0.0052018	0.0124056
1	29	0.304679	0.0014	0.011	0.001	0	0.000538465	0.00147596	0.000117824	0.00518727	0.0123835
1	29	0.308565	0.0014	0.011	0.001	0	0.000531797	0.00135873	0.000118896	0.00517382	0.0123641
1	29	0.312468	0.0014	0.011	0.001	0	0.00031115	0.00125049	0.000119987	0.005161	0.0123398
1	29	0.316389	0.0014	0.011	0.001	0	0.000335945	0.00115082	0.000121096	0.0051497	0.012326
1	29	0.320328	0.0014	0.011	0.001	0	0.000338991	0.00105896	0.000122225	0.00513895	0.0123134
1	29	0.324285	0.0014	0.011	0.001	0	0.000334609	0.000974346	0.000123374	0.005129	0.0123022
1	29	0.32826	0.0014	0.011	0.001	0	5.44512e-05	0.000896362	0.000124544	0.00511976	0.012288
1	29	0.332253	0.0014	0.011	0.001	0	0.000111414	0.000824666	0.000125735	0.00511124	0.0122798
1	29	0.336264	0.0014	0.011	0.001	0	0.000284977	0.000758716	0.000126947	0.00510334	0.0122751
1	29	0.340294	0.0014	0.011	0.001	0	0.000301283	0.000698029	0.000128181	0.00509603	0.0122688
1	29	0.344342	0.0014	0.011	0.001	0	0.000288668	0.000642231	0.000129439	0.00508926	0.0122627
1	29	0.348409	0.0014	0.011	0.001	0	0.000177918	0.000590974	0.00013072	0.00508298	0.0122554
1	29	0.352495	0.0014	0.011	0.001	0	0.000294622	0.000543825	0.000132024	0.00507718	0.0122531
1	29	0.3566	0.0014	0.011	0.001	0	0.000822657	0.000500397	0.000133354	0.00507185	0.0122731
1	29	0.360724	0.0014	0.011	0.001	0	0.000767573	0.000460587	0.000134709	0.00506689	0.0122659
1	29	0.364868	0.0014	0.011	0.001	0	0.000640141	0.000424015	0.000136091	0.0050623	0.0122554
1	29	0.36903	0.0014	0.011	0.001	0	0.000645627	0.000390398	0.000137499	0.00505804	0.0122528
1	29	0.373212	0.0014	0.011	0.001	0	0.000447539	0.000359514	0.000138935	0.0050541	0.0122414
1	29	0.377414	0.0014	0.011	0.001	0	0.000640939	0.000331086	0.000140399	0.00505051	0.0122478
1	29	0.381636	0.0014	0.011	0.001	0	0.000644799	0.000304993	0.000141893	0.00504711	0.0122459
1	29	0.385877	0.0014	0.011	0.001	0	0.000560839	0.000280967	0.000143418	0.00504395	0.0122399
1	29	0.390139	0.0014	0.011	0.001	0	0.000627956	0.00025886	0.000144973	0.00504103	0.0122415
1	29	0.394421	0.0014	0.011	0.001	0	0.000606542	0.000238533	0.00014656	0.00503833	0.0122389
1	29	0.398723	0.0014	0.011	0.001	0	0.000448388	0.000219811	0.000148181	0.00503582	0.0122307
1	29	0.403045	0.0014	0.011	0.001	0	0.000558334	0.000202623	0.000149835	0.00503349	0.012234
1	29	0.407389	0.0014	0.011	0.001	0	0.000409244	0.000186779	0.000151525	0.00503132	0.012227
1	29	0.411753	0.0014	0.011	0.001	0	0.000423364	0.000172213	0.000153251	0.0050293	0.0122265
1	29	0.356974	0.0014	0.011	0.001	0	0.000871925	0.000496666	0.000133476	0.00507139	0.0122761
1	29	0.361927	0.0014	0.011	0.001	0	0.000850455	0.000449693	0.000135108	0.00506553	0.0122704
1	29	0.366907	0.0014	0.011	0.001	0	0.000501366	0.000407211	0.000136778	0.00506018	0.0122475
1	29	0.371916	0.0014	0.011	0.001	0	0.000522805	0.000368813	0.000138487	0.00505529	0.0122452
1	29	0.376953	0.0014	0.011	0.001	0	0.000676924	0.000334079	0.000140238	0.00505089	0.0122499
1	29	0.382018	0.0014	0.011	0.001	0	0.000570986	0.000302737	0.00014203	0.00504682	0.0122421
1	29	0.387112	0.0014	0.011	0.001	0	0.000413426	0.000274343	0.000143866	0.00504308	0.0122335
1	29	0.392235	0.0014	0.011	0.001	0	0.000561218	0.000248676	0.000145747	0.00503968	0.0122375
1	29	0.397387	0.0014	0.011	0.001	0	0.000380096	0.00022546	0.000147675	0.00503658	0.0122288
1	29	0.402568	0.0014	0.011	0.001	0	0.000577228	0.000204446	0.000149652	0.00503374	0.012235
1	29	0.40778	0.0014	0.011	0.001	0	0.000440434	0.000185421	0.000151679	0.00503113	0.012228
1	29	0.413021	0.0014	0.011	0.001	0	0.000245137	0.000168206	0.000153758	0.00502875	0.0122213
1	29	0.418292	0.0014	0.011	0.001	0	0.000251783	0.000152633	0.000155892	0.00502656	0.0122204
1	29	0.423594	0.0014	0.011	0.001	0	0.000222679	0.000138538	0.000158083	0.00502456	0.0122188
1	29	0.428927	0.0014	0.011	0.001	0	0.000342675	0.00012578	0.000160332	0.00502273	0.0122208
1	29	0.43429	0.0014	0.011	0.001	0	0.000622535	0.000114238	0.000162642	0.00502105	0.012231
1	29	0.439685	0.0014	0.011	0.001	0	0.000530488	0.000103784	0.000165016	0.00501951	0.012226
1	29	0.445112	0.0014	0.011	0.001	0	0.000450848	9.43434e-05	0.000167456	0.0050181	0.0122222
1	29	0.45057	0.0014	0.011	0.001	0	0.000522719	8.57961e-05	0.000169965	0.00501681	0.0122245
1	29	0.456061	0.0014	0.011	0.001	0	0.000484794	7.8065e-05	0.000172546	0.00501563	0.0122224
1	29	0.461583	0.0014	0.011	0.001	0	0.00103212	7.10534e-05	0.000175202	0.00501453	0.0122559
1	29	0.467139	0.0014	0.011	0.001	0	0.000471117	6.46993e-05	0.000177935	0.00501353	0.012221
1	29	0.472727	0.0014	0.011	0.001	0	0.000501296	5.89519e-05	0.000180751	0.00501256	0.0122218
1	29	0.478349	0.0014	0.011	0.001	0	0.000602818	5.37332e-05	0.000183651	0.00501176	0.0122261
1	29	0.484004	0.0014	0.011	0.001	0	0.000566181	4.8996e-05	0.00018664	0.005011	0.0122241
1	29	0.489694	0.0014	0.011	0.001	0	0.000583906	4.46939e-05	0.000189723	0.00501027	0.0122246
1	29	0.495417	0.0014	0.011	0.001	0	0.000498168	4.07877e-05	0.000192903	0.0050096	0.0122206
1	29	0.501175	0.0014	0.011	0.001	0	0.000327579	3.72402e-05	0.000196185	0.00500899	0.0122146
1	29	0.506968	0.0014	0.011	0.001	0	0.000156374	3.40167e-05	0.000199573	0.00500841	0.012211
1	29	0.512795	0.0014	0.011	0.001	0	0.000375581	3.10933e-05	0.000203074	0.00500789	0.0122157
1	29	0.518659	0.0014	0.011	0.001	0	0.000565089	2.84321e-05	0.000206692	0.0050074	0.0122228
1	29	0.524558	0.0014	0.011	0.001	0	0.000193632	2.60215e-05	0.000210434	0.00500696	0.0122111
1	29	0.476291	0.0014	0.011	0.001	0	0.000666768	5.55808e-05	0.000182581	0.00501206	0.0122295
1	29	0.483351	0.0014	0.011	0.001	0	0.000561389	4.95186e-05	0.000186291	0.00501108	0.0122239
1	29	0.490463	0.0014	0.011	0.001	0	0.000589306	4.41462e-05	0.000190146	0.00501018	0.0122249
1	29	0.497629	0.0014	0.011	0.001	0	0.000411015	3.9382e-05	0.000194154	0.00500936	0.0122173
1	29	0.504849	0.0014	0.011	0.001	0	0.000477443	3.51577e-05	0.000198324	0.00500862	0.0122194
1	29	0.512124	0.0014	0.011	0.001	0	0.000350341	3.14157e-05	0.000202666	0.00500795	0.0122149
1	29	0.519454	0.0014	0.011	0.001	0	0.00069563	2.80935e-05	0.000207191	0.00500734	0.0122295
1	29	0.52684	0.0014	0.011	0.001	0	0.000420461	2.51498e-05	0.00021191	0.00500679	0.0122168
1	29	0.534283	0.0014	0.011	0.001	0	0.000330941	2.2544e-05	0.000216836	0.00500631	0.0122139
1	29	0.541783	0.0014	0.011	0.001	0	0.000801993	2.0225e-05	0.000221983	0.00500585	0.0122357
1	29	0.549341	0.0014	0.011	0.001	0	0.000491821	1.81662e-05	0.000227364	0.00500544	0.0122192
1	29	0.556957	0.0014	0.011	0.001	0	0.000440315	1.63344e-05	0.000232997	0.00500507	0.0122172
1	29	0.564633	0.0014	0.011	0.001	0	0.00023915	1.47019e-05	0.000238899	0.00500474	0.0122115
1	29	0.572368	0.0014	0.011	0.001	0	0.000514438	1.32473e-05	0.000245089	0.00500443	0.01222
1	29	0.580165	0.0014	0.011	0.001	0	0.000214284	1.19521e-05	0.000251589	0.00500416	0.0122111
1	29	0.588022	0.0014	0.011	0.001	0	0.000266932	1.07954e-05	0.000258421	0.00500392	0.0122122
1	29	0.595942	0.0014	0.011	0.001	0	0.000317761	9.76777e-06	0.000265612	0.00500369	0.0122135
1	29	0.603925	0.0014	0.011	0.001	0	0.000383486	8.84947e-06	0.000273189	0.00500349	0.0122154
1	29	0.611971	0.0014	0.011	0.001	0	0.000304529	8.03045e-06	0.000281184	0.00500332	0.0122133
1	29	0.620082	0.0014	0.011	0.001	0	0.000431849	7.29864e-06	0.000289632	0.00500315	0.0122173
1	29	0.628257	0.0014	0.011	0.001	0	9.47608e-05	6.64339e-06	0.000298572	0.00500302	0.0122102
1	29	0.636499	0.0014	0.011	0.001	0	3.33018e-05	6.0574e-06	0.000308046	0.00500289	0.01221
1	29	0.644807	0.0014	0.011	0.001	0	9.57602e-05	5.53206e-06	0.000318103	0.00500278	0.0122106
1	29	0.653183	0.0014	0.011	0.001	0	1.85513e-05	5.06192e-06	0.000328798	0.00500269	0.0122105
1	29	0.661628	0.0014	0.011	0.001	0	4.24569e-05	4.6398e-06	0.000340191	0.00500261	0.0122108
1	29	0.670141	0.0014	0.011	0.001	0	0.000150816	4.26224e-06	0.000352352	0.00500255	0.012212
1	29	0.678725	0.0014	0.011	0.001	0	0.000195389	3.92265e-06	0.000365359	0.0050025	0.012213
1	29	0.687379	0.0014	0.011	0.001	0	9.24827e-05	3.61705e-06	0.000379302	0.00500246	0.0122122
1	29	0.696106	0.0014	0.011	0.001	0	7.01771e-05	3.34214e-06	0.000394282	0.00500244	0.0122125
1	29	0.704905	0.0014	0.011	0.001	0	6.07266e-05	3.09429e-06	0.000410418	0.00500244	0.012213
1	29	0.713778	0.0014	0.011	0.001	0	4.66139e-05	2.87045e-06	0.000427846	0.00500246	0.0122135
1	29	0.722725	0.0014	0.011	0.001	0	6.27216e-05	2.66918e-06	0.000446723	0.0050025	0.0122143
1	29	0.637439	0.0014	0.011	0.001	0	7.43631e-05	5.9949e-06	0.000309158	0.00500288	0.0122102
1	29	0.647705	0.0014	0.011	0.001	0	0.000179119	5.36327e-06	0.000321738	0.00500275	0.0122116
1	29	0.658074	0.0014	0.011	0.001	0	3.96665e-05	4.81148e-06	0.000335319	0.00500264	0.0122107
1	29	0.668548	0.0014	0.011	0.001	0	0.000124856	4.32955e-06	0.000350022	0.00500256	0.0122116
1	29	0.679128	0.0014	0.011	0.001	0	0.000196751	3.90754e-06	0.00036599	0.0050025	0.012213
1	29	0.689816	0.0014	0.011	0.001	0	9.15784e-05	3.53712e-06	0.000383388	0.00500246	0.0122123
1	29	0.700614	0.0014	0.011	0.001	0	8.81672e-05	3.21173e-06	0.000402414	0.00500244	0.0122129
1	29	0.711523	0.0014	0.011	0.001	0	5.50261e-05	2.9247e-06	0.000423301	0.00500245	0.0122134
1	29	0.722545	0.0014	0.011	0.001	0	5.95976e-05	2.67305e-06	0.000446331	0.0050025	0.0122142
1	29	0.733682	0.0014	0.011	0.001	0	7.28186e-05	2.45095e-06	0.000471841	0.00500257	0.0122153
1	29	0.744935	0.0014	0.011	0.001	0	5.97101e-05	2.25608e-06	0.000500245	0.0050027	0.0122164
1	29	0.756307	0.0014	0.011	0.001	0	0.000232412	2.08727e-06	0.000532055	0.00500289	0.0122199
1	29	0.7678	0.0014	0.011	0.001	0	0.000813524	1.94345e-06	0.000567904	0.00500316	0.0122465
1	29	0.779414	0.0014	0.011	0.001	0	0.00185302	1.82585e-06	0.000608594	0.00500356	0.0123612
1	29	0.791153	0.0014	0.011	0.001	0	0.0030679	1.73274e-06	0.000655153	0.00500414	0.0126033
1	29	0.803018	0.0014	0.011	0.001	0	0.0033361	1.66022e-06	0.000708911	0.00500498	0.0126745
1	29	0.815011	0.0014	0.011	0.001	0	0.00037014	1.59423e-06	0.000771636	0.0050061	0.0122374
1	29	0.827135	0.0014	0.011	0.001	0	0.0137925	1.48164e-06	0.00084571	0.00500741	0.0184386
1	29	0.839391	0.0014	0.011	0.001	0	0.00154779	1.30935e-06	0.00093443	0.00500913	0.0123418
1	29	0.851782	0.0014	0.011	0.001	0	0.0311577	1.45411e-06	0.00104249	0.00501479	0.0334813
1	29	0.864309	0.0014	0.011	0.001	0	0.00949816	1.57971e-06	0.00117678	0.00502341	0.0155176
1	29	0.876976	0.0014	0.011	0.001	0	0.0357865	1.47397e-06	0.00134787	0.0050332	0.0378389
1	29	0.889785	0.0014	0.011	0.001	0	0.0214589	1.24509e-06	0.00157275	0.00504894	0.0247469
1	29	0.902737	0.0014	0.011	0.001	0	0.0333098	1.5993e-06	0.00188059	0.00510546	0.0355402
1	29	0.915835	0.0014	0.011	0.001	0	0.0155377	1.83255e-06	0.00232573	0.00521424	0.0199494
1	33	0.300723	0.0014	0.011	0.001	0	0.000511852	0.00447831	0.000111528	0.0054321	0.0131832
1	33	0.304602	0.0014	0.011	0.001	0	0.000477905	0.00416189	0.000112481	0.00540282	0.0130657
1	33	0.308495	0.0014	0.011	0.001	0	0.000561857	0.00386549	0.000113449	0.00537553	0.0129664
1	33	0.312403	0.0014	0.011	0.001	0	0.00052565	0.00358836	0.000114433	0.00534989	0.0128743
1	33	0.316325	0.0014	0.011	0.001	0	0.000286916	0.00332954	0.000115434	0.00532604	0.012787
1	33	0.320261	0.0014	0.011	0.001	0	0.000435873	0.0030879	0.000116451	0.00530377	0.0127212
1	33	0.324212	0.0014	0.011	0.001	0	0.000418039	0.00286251	0.000117485	0.00528287	0.012659
1	33	0.328177	0.0014	0.011	0.001	0	0.000204496	0.00265291	0.000118536	0.00526348	0.0125999
1	33	0.332157	0.0014	0.011	0.001	0	0.000435108	0.00245758	0.000119606	0.0052454	0.0125586
1	33	0.336152	0.0014	0.011	0.001	0	0.000304325	0.0022763	0.000120693	0.00522849	0.0125134
1	33	0.340162	0.0014	0.011	0.001	0	0.00029012	0.00210777	0.0001218	0.00521281	0.012477
1	33	0.344187	0.0014	0.011	0.001	0	0.00055899	0.00195138	0.000122925	0.0051982	0.0124546
1	33	0.348226	0.0014	0.011	0.001	0	0.000309866	0.00180633	0.000124071	0.0051846	0.0124183
1	33	0.352281	0.0014	0.011	0.001	0	0.000729277	0.00167188	0.000125237	0.00517201	0.0124118
1	33	0.356351	0.0014	0.011	0.001	0	0.000216866	0.00154713	0.000126423	0.00516028	0.0123711
1	33	0.360436	0.0014	0.011	0.001	0	0.000521716	0.00143203	0.000127631	0.00514937	0.0123618
1	33	0.364537	0.0014	0.011	0.001	0	0.000677204	0.00132512	0.000128861	0.00513923	0.0123533
1	33	0.368653	0.0014	0.011	0.001	0	0.000297718	0.00122625	0.000130114	0.00512983	0.0123241
1	33	0.372785	0.0014	0.011	0.001	0	0.000556148	0.00113478	0.000131389	0.00512109	0.0123207
1	33	0.376932	0.0014	0.011	0.001	0	0.000467153	0.00105008	0.000132689	0.00511287	0.0123061
1	33	0.381095	0.0014	0.011	0.001	0	0.000428565	0.00097179	0.000134013	0.0051054	0.0122952
1	33	0.385274	0.0014	0.011	0.001	0	0.000600717	0.000899339	0.000135362	0.00509834	0.0122939
1	33	0.389469	0.0014	0.011	0.001	0	0.000555009	0.000832288	0.000136736	0.00509182	0.0122844
1	33	0.393679	0.0014	0.011	0.001	0	0.000550526	0.000770322	0.000138138	0.00508572	0.0122776
1	33	0.397906	0.0014	0.011	0.001	0	0.000557574	0.000712899	0.000139566	0.00508003	0.0122721
1	33	0.402149	0.0014	0.011	0.001	0	0.000421599	0.000659893	0.000141023	0.00507485	0.0122616
1	33	0.406408	0.0014	0.011	0.001	0	0.000509757	0.000610782	0.000142509	0.00506994	0.0122604
1	33	0.410684	0.0014	0.011	0.001	0	0.000401271	0.000565399	0.000144024	0.00506532	0.0122523
1	33	0.414976	0.0014	0.011	0.001	0	0.000452208	0.000523367	0.000145571	0.00506108	0.0122505
1	33	0.419284	0.0014	0.011	0.001	0	0.000225582	0.00048459	0.000147148	0.00505713	0.012241
1	33	0.42361	0.0014	0.011	0.001	0	0.000331346	0.0004486	0.000148759	0.00505344	0.0122405
1	33	0.427951	0.0014	0.011	0.001	0	0.000183879	0.000415517	0.000150402	0.00505004	0.0122349
1	33	0.38929	0.0014	0.011	0.001	0	0.000553964	0.00083503	0.000136678	0.00509209	0.0122846
1	33	0.394524	0.0014	0.011	0.001	0	0.000555487	0.000758476	0.000138422	0.00508455	0.0122766
1	33	0.399783	0.0014	0.011	0.001	0	0.000655934	0.000688949	0.000140208	0.00507766	0.0122747
1	33	0.405067	0.0014	0.011	0.001	0	0.000430684	0.000625802	0.000142038	0.00507147	0.0122588
1	33	0.410376	0.0014	0.011	0.001	0	0.000435181	0.000568543	0.000143914	0.00506564	0.0122537
1	33	0.41571	0.0014	0.011	0.001	0	0.000455585	0.000516531	0.000145838	0.00506038	0.01225
1	33	0.42107	0.0014	0.011	0.001	0	0.000205873	0.000469375	0.00014781	0.00505557	0.0122394
1	33	0.426456	0.0014	0.011	0.001	0	0.000458321	0.000426679	0.000149833	0.00505117	0.0122429
1	33	0.431867	0.0014	0.011	0.001	0	0.000407712	0.000387813	0.000151909	0.00504715	0.0122382
1	33	0.437305	0.0014	0.011	0.001	0	0.000388083	0.000352679	0.00015404	0.00504335	0.012235
1	33	0.442769	0.0014	0.011	0.001	0	0.000535347	0.00032081	0.000156228	0.00504011	0.0122383
1	33	0.44826	0.0014	0.011	0.001	0	0.000414236	0.000291935	0.000158475	0.00503705	0.0122317
1	33	0.453777	0.0014	0.011	0.001	0	0.000326987	0.000265725	0.000160784	0.00503421	0.0122273
1	33	0.459321	0.0014	0.011	0.001	0	0.000417511	0.000242056	0.000163157	0.00503167	0.0122285
1	33	0.464893	0.0014	0.011	0.001	0	0.000433313	0.000220488	0.000165597	0.00502931	0.0122277
1	33	0.470491	0.0014	0.011	0.001	0	0.000643454	0.000201003	0.000168107	0.00502716	0.0122358
1	33	0.476117	0.0014	0.011	0.001	0	0.000449057	0.000183266	0.000170689	0.00502518	0.0122261
1	33	0.481771	0.0014	0.011	0.001	0	0.000376938	0.000167171	0.000173348	0.00502335	0.0122227
1	33	0.487453	0.0014	0.011	0.001	0	0.000389231	0.000152553	0.000176085	0.00502167	0.0122222
1	33	0.493163	0.0014	0.011	0.001	0	0.000367591	0.000139255	0.000178905	0.00502013	0.0122208
1	33	0.498901	0.0014	0.011	0.001	0	0.000442343	0.000127177	0.000181811	0.00501872	0.0122226
1	33	0.504668	0.0014	0.011	0.001	0	0.000257564	0.000116182	0.000184808	0.00501742	0.0122167
1	33	0.510463	0.0014	0.011	0.001	0	0.000371216	0.000106205	0.000187899	0.00501627	0.0122191
1	33	0.516288	0.0014	0.011	0.001	0	0.000285496	9.71311e-05	0.000191089	0.00501517	0.0122164
1	33	0.522141	0.0014	0.011	0.001	0	0.000296001	8.88637e-05	0.000194383	0.00501414	0.0122162
1	33	0.528024	0.0014	0.011	0.001	0	0.000652677	8.13638e-05	0.000197785	0.00501319	0.0122296
1	33	0.533937	0.0014	0.011	0.001	0	0.000353072	7.45612e-05	0.000201302	0.00501235	0.012217
1	33	0.539879	0.0014	0.011	0.001	0	0.000411054	6.83519e-05	0.000204938	0.00501155	0.0122185
1	33	0.545852	0.0014	0.011	0.001	0	0.00045438	6.27076e-05	0.0002087	0.00501083	0.0122198
1	33	0.551855	0.0014	0.011	0.001	0	0.000225691	5.75646e-05	0.000212594	0.00501014	0.0122131
1	33	0.557888	0.0014	0.011	0.001	0	0.000442889	5.2889e-05	0.000216628	0.00500954	0.0122189
1	33	0.563952	0.0014	0.011	0.001	0	0.000340052	4.86175e-05	0.000220808	0.00500897	0.0122154
1	33	0.507983	0.0014	0.011	0.001	0	0.000485797	0.000110343	0.000186566	0.00501676	0.0122234
1	33	0.515185	0.0014	0.011	0.001	0	0.000366561	9.87767e-05	0.000190479	0.00501537	0.0122186
1	33	0.522431	0.0014	0.011	0.001	0	0.000290781	8.84747e-05	0.000194549	0.00501409	0.012216
1	33	0.529723	0.0014	0.011	0.001	0	0.000624086	7.9345e-05	0.000198786	0.00501295	0.012228
1	33	0.53706	0.0014	0.011	0.001	0	0.000364023	7.12203e-05	0.0002032	0.00501192	0.0122171
1	33	0.544443	0.0014	0.011	0.001	0	0.000457062	6.39879e-05	0.000207803	0.00501099	0.0122199
1	33	0.551872	0.0014	0.011	0.001	0	0.000225743	5.75502e-05	0.000212606	0.00501014	0.0122131
1	33	0.559348	0.0014	0.011	0.001	0	0.000416034	5.18245e-05	0.000217623	0.0050094	0.0122179
1	33	0.566872	0.0014	0.011	0.001	0	0.000327749	4.67028e-05	0.000222868	0.00500871	0.012215
1	33	0.574443	0.0014	0.011	0.001	0	0.000260739	4.21317e-05	0.000228356	0.00500809	0.0122132
1	33	0.582063	0.0014	0.011	0.001	0	0.000258859	3.80479e-05	0.000234105	0.00500752	0.012213
1	33	0.589731	0.0014	0.011	0.001	0	0.000198987	3.44045e-05	0.000240133	0.00500701	0.0122118
1	33	0.597448	0.0014	0.011	0.001	0	0.000211213	3.1149e-05	0.00024646	0.00500654	0.012212
1	33	0.605215	0.0014	0.011	0.001	0	0.000266745	2.82472e-05	0.000253109	0.00500613	0.012213
1	33	0.613031	0.0014	0.011	0.001	0	0.000289366	2.56506e-05	0.000260104	0.00500575	0.0122135
1	33	0.620899	0.0014	0.011	0.001	0	0.000239185	2.33289e-05	0.000267473	0.00500541	0.0122124
1	33	0.628817	0.0014	0.011	0.001	0	0.000149551	2.12482e-05	0.000275245	0.0050051	0.012211
1	33	0.636787	0.0014	0.011	0.001	0	9.35702e-05	1.93789e-05	0.000283455	0.00500482	0.0122106
1	33	0.644809	0.0014	0.011	0.001	0	3.74377e-05	1.77056e-05	0.000292138	0.00500458	0.0122104
1	33	0.652884	0.0014	0.011	0.001	0	1.23818e-05	1.62026e-05	0.000301337	0.00500435	0.0122104
1	33	0.661011	0.0014	0.011	0.001	0	6.21292e-05	1.48565e-05	0.000311097	0.00500417	0.0122108
1	33	0.669193	0.0014	0.011	0.001	0	4.58523e-05	1.3644e-05	0.000321471	0.00500399	0.0122109
1	33	0.677428	0.0014	0.011	0.001	0	6.08745e-05	1.25599e-05	0.000332517	0.00500385	0.0122112
1	33	0.685718	0.0014	0.011	0.001	0	9.90248e-05	1.15827e-05	0.000344301	0.00500372	0.0122117
1	33	0.694063	0.0014	0.011	0.001	0	0.000194999	1.07017e-05	0.000356897	0.00500362	0.0122132
1	33	0.702464	0.0014	0.011	0.001	0	0.000305517	9.90712e-06	0.000370391	0.00500353	0.0122158
1	33	0.710921	0.0014	0.011	0.001	0	0.000252367	9.191e-06	0.00038488	0.00500347	0.012215
1	33	0.719436	0.0014	0.011	0.001	0	0.000289002	8.54505e-06	0.000400476	0.00500343	0.0122163
1	33	0.728007	0.0014	0.011	0.001	0	0.000229416	7.96088e-06	0.000417307	0.00500341	0.0122156
1	33	0.736637	0.0014	0.011	0.001	0	0.000183255	7.43246e-06	0.000435522	0.00500341	0.0122155
1	33	0.745325	0.0014	0.011	0.001	0	0.000173117	6.95355e-06	0.000455298	0.00500344	0.012216
1	33	0.754073	0.0014	0.011	0.001	0	0.000114612	6.52004e-06	0.000476836	0.0050035	0.0122162
1	33	0.66829	0.0014	0.011	0.001	0	4.56159e-05	1.37707e-05	0.000320299	0.00500401	0.0122109
1	33	0.678427	0.0014	0.011	0.001	0	7.97085e-05	1.24362e-05	0.000333901	0.00500383	0.0122113
1	33	0.688647	0.0014	0.011	0.001	0	0.000256646	1.1262e-05	0.000348634	0.00500368	0.0122141
1	33	0.69895	0.0014	0.011	0.001	0	0.000188411	1.02295e-05	0.000364643	0.00500356	0.0122133
1	33	0.709339	0.0014	0.011	0.001	0	0.000345614	9.31958e-06	0.000382096	0.00500348	0.0122172
1	33	0.719813	0.0014	0.011	0.001	0	0.000268499	8.51802e-06	0.000401192	0.00500343	0.0122159
1	33	0.730375	0.0014	0.011	0.001	0	0.000330819	7.8105e-06	0.000422172	0.00500341	0.0122181
1	33	0.741025	0.0014	0.011	0.001	0	0.000168393	7.1841e-06	0.000445319	0.00500342	0.0122156
1	33	0.751764	0.0014	0.011	0.001	0	0.00033407	6.62953e-06	0.000470981	0.00500348	0.01222
1	33	0.762594	0.0014	0.011	0.001	0	0.000458261	6.14177e-06	0.00049958	0.00500359	0.0122252
1	33	0.773515	0.0014	0.011	0.001	0	0.000552682	5.71779e-06	0.000531638	0.00500378	0.0122305
1	33	0.784529	0.0014	0.011	0.001	0	0.000985948	5.36047e-06	0.000567806	0.00500407	0.0122595
1	33	0.795636	0.0014	0.011	0.001	0	0.00206791	5.0711e-06	0.000608911	0.00500452	0.0123957
1	33	0.806839	0.0014	0.011	0.001	0	0.0030832	4.84835e-06	0.000656007	0.00500517	0.0126075
1	33	0.818139	0.0014	0.011	0.001	0	0.00383829	4.68318e-06	0.000710474	0.00500611	0.0128163
1	33	0.829536	0.0014	0.011	0.001	0	0.00153397	4.52953e-06	0.00077414	0.00500734	0.0123283
1	33	0.841032	0.0014	0.011	0.001	0	0.0127645	4.22098e-06	0.000849487	0.00500867	0.0176834
1	33	0.852628	0.0014	0.011	0.001	0	0.0072359	3.75677e-06	0.000939958	0.00501046	0.0142234
1	33	0.864325	0.0014	0.011	0.001	0	0.0299711	4.28392e-06	0.00105048	0.00501706	0.0323806
1	33	0.876126	0.0014	0.011	0.001	0	0.00562089	4.69654e-06	0.00118833	0.0050268	0.0134995
1	33	0.88803	0.0014	0.011	0.001	0	0.0397847	4.34048e-06	0.00136476	0.00503669	0.0416415
1	33	0.90004	0.0014	0.011	0.001	0	0.0421996	3.82949e-06	0.00159802	0.00505491	0.0439645
1	33	0.912158	0.0014	0.011	0.001	0	0.0319705	5.02608e-06	0.00191979	0.00511783	0.0342922
1	39	0.307966	0.0028	0.011	0.001	0	0.000400271	0.0128309	0.000108119	0.00597248	0.0181745
1	39	0.311791	0.0028	0.011	0.001	0	0.000467257	0.0121919	0.00010898	0.00591732	0.0177124
1	39	0.315626	0.0028	0.011	0.001	0	0.000331554	0.0115743	0.000109854	0.00586484	0.017272
1	39	0.319472	0.0028	0.011	0.001	0	0.000243904	0.0109734	0.000110742	0.00581484	0.0168565
1	39	0.323328	0.0028	0.011	0.001	0	0.000456069	0.0103945	0.000111643	0.00576678	0.0164731
1	39	0.327194	0.0028	0.011	0.001	0	0.000286274	0.00983743	0.000112559	0.00572226	0.0161076
1	39	0.331071	0.0028	0.011	0.001	0	0.000300663	0.00930056	0.000113488	0.00567971	0.0157703
1	39	0.334959	0.0028	0.011	0.001	0	0.000244111	0.00878526	0.000114432	0.00563946	0.0154563
1	39	0.338857	0.0028	0.011	0.001	0	0.00035631	0.00829253	0.000115391	0.00560129	0.0151697
1	39	0.342766	0.0028	0.011	0.001	0	0.000302753	0.00782104	0.000116366	0.00556519	0.0149025
1	39	0.346686	0.0028	0.011	0.001	0	0.000187874	0.00737036	0.000117355	0.00553125	0.0146563
1	39	0.350617	0.0028	0.011	0.001	0	0.000339916	0.00694079	0.000118361	0.00549911	0.0144355
1	39	0.354558	0.0028	0.011	0.001	0	0.000504689	0.00653491	0.000119384	0.00546901	0.0142381
1	39	0.35851	0.0028	0.011	0.001	0	0.00027926	0.00614719	0.000120423	0.00544054	0.0140471
1	39	0.362473	0.0028	0.011	0.001	0	0.000420327	0.00577882	0.000121479	0.00541376	0.0138829
1	39	0.366447	0.0028	0.011	0.001	0	0.00042299	0.00543029	0.000122553	0.00538849	0.0137316
1	39	0.370432	0.0028	0.011	0.001	0	0.000500481	0.00510219	0.000123644	0.00536475	0.0135985
1	39	0.374428	0.0028	0.011	0.001	0	0.000566572	0.00479027	0.000124755	0.00534249	0.0134783
1	39	0.378436	0.0028	0.011	0.001	0	0.000496726	0.00449596	0.000125884	0.0053216	0.0133655
1	39	0.382454	0.0028	0.011	0.001	0	0.000586272	0.00421798	0.000127033	0.00530188	0.0132703
1	39	0.386483	0.0028	0.011	0.001	0	0.000519136	0.00395638	0.000128201	0.00528328	0.0131792
1	39	0.390524	0.0028	0.011	0.001	0	0.000497164	0.00370945	0.00012939	0.00526595	0.0130994
1	39	0.394576	0.0028	0.011	0.001	0	0.000600279	0.00347698	0.0001306	0.00524965	0.0130333
1	39	0.398639	0.0028	0.011	0.001	0	0.000520132	0.0032582	0.000131832	0.00523425	0.0129669
1	39	0.402714	0.0028	0.011	0.001	0	0.000464892	0.00305209	0.000133085	0.00521983	0.0129087
1	39	0.4068	0.0028	0.011	0.001	0	0.0004041	0.0028585	0.000134361	0.00520631	0.0128568
1	39	0.410897	0.0028	0.011	0.001	0	0.000344979	0.00267644	0.000135661	0.00519359	0.0128107
1	39	0.415006	0.0028	0.011	0.001	0	0.00037821	0.00250581	0.000136984	0.00518138	0.0127721
1	39	0.419127	0.0028	0.011	0.001	0	0.000458467	0.00234558	0.000138332	0.00517048	0.0127399
1	39	0.423259	0.0028	0.011	0.001	0	0.000302574	0.00219539	0.000139705	0.00515997	0.0127042
1	39	0.427403	0.0028	0.011	0.001	0	0.000256392	0.00205434	0.000141104	0.00515014	0.0126756
1	39	0.431558	0.0028	0.011	0.001	0	0.00028279	0.0019223	0.00014253	0.00514116	0.0126518
1	39	0.390079	0.0028	0.011	0.001	0	0.000513823	0.00373591	0.000129258	0.00526779	0.0131083
1	39	0.395066	0.0028	0.011	0.001	0	0.000602715	0.00344986	0.000130748	0.00524773	0.0130254
1	39	0.400071	0.0028	0.011	0.001	0	0.000388193	0.00318428	0.00013227	0.00522911	0.0129418
1	39	0.405093	0.0028	0.011	0.001	0	0.000459707	0.00293789	0.000133826	0.00521181	0.0128788
1	39	0.410132	0.0028	0.011	0.001	0	0.000342102	0.00270957	0.000135417	0.00519591	0.0128185
1	39	0.415188	0.0028	0.011	0.001	0	0.000365796	0.00249852	0.000137043	0.0051809	0.0127702
1	39	0.420262	0.0028	0.011	0.001	0	0.000464341	0.00230335	0.000138707	0.00516754	0.0127312
1	39	0.425354	0.0028	0.011	0.001	0	0.000256017	0.00212294	0.00014041	0.00515488	0.0126888
1	39	0.430463	0.0028	0.011	0.001	0	0.000289576	0.0019562	0.000142152	0.00514351	0.0126581
1	39	0.43559	0.0028	0.011	0.001	0	0.000320576	0.00180258	0.000143936	0.0051326	0.0126316
1	39	0.440735	0.0028	0.011	0.001	0	0.000326838	0.00166106	0.000145762	0.00512268	0.0126083
1	39	0.445898	0.0028	0.011	0.001	0	0.000273406	0.00153054	0.000147632	0.00511362	0.0125868
1	39	0.451079	0.0028	0.011	0.001	0	0.000432108	0.0014109	0.000149548	0.00510522	0.0125739
1	39	0.456278	0.0028	0.011	0.001	0	0.000406042	0.00130044	0.000151512	0.00509753	0.012558
1	39	0.461496	0.0028	0.011	0.001	0	0.000442793	0.0011989	0.000153524	0.00509041	0.0125463
1	39	0.466731	0.0028	0.011	0.001	0	0.000492994	0.00110542	0.000155588	0.00508384	0.0125369
1	39	0.471986	0.0028	0.011	0.001	0	0.000480105	0.00101939	0.000157704	0.00507785	0.0125267
1	39	0.477258	0.0028	0.011	0.001	0	0.000471181	0.000940275	0.000159876	0.00507216	0.0125179
1	39	0.48255	0.0028	0.011	0.001	0	0.000475318	0.000867469	0.000162105	0.00506703	0.0125108
1	39	0.48786	0.0028	0.011	0.001	0	0.000376611	0.000800484	0.000164392	0.00506229	0.0125011
1	39	0.493189	0.0028	0.011	0.001	0	0.000384016	0.000738767	0.000166742	0.00505788	0.0124957
1	39	0.498537	0.0028	0.011	0.001	0	0.00028881	0.000681989	0.000169155	0.00505381	0.0124883
1	39	0.503904	0.0028	0.011	0.001	0	0.000304583	0.00062969	0.000171636	0.00505005	0.0124845
1	39	0.50929	0.0028	0.011	0.001	0	0.000274541	0.000581608	0.000174186	0.0050466	0.0124801
1	39	0.514696	0.0028	0.011	0.001	0	0.000243092	0.000537336	0.000176808	0.00504338	0.0124762
1	39	0.52012	0.0028	0.011	0.001	0	0.000353833	0.000496624	0.000179505	0.00504044	0.012476
1	39	0.525565	0.0028	0.011	0.001	0	0.00033516	0.000459235	0.000182281	0.00503772	0.012473
1	39	0.531028	0.0028	0.011	0.001	0	0.000340511	0.000424818	0.000185139	0.0050353	0.012471
1	39	0.536512	0.0028	0.011	0.001	0	0.000349537	0.000393184	0.000188083	0.00503295	0.0124693
1	39	0.542015	0.0028	0.011	0.001	0	0.00036685	0.000364074	0.000191117	0.00503069	0.012468
1	39	0.547538	0.0028	0.011	0.001	0	0.000467163	0.000337319	0.000194244	0.00502875	0.0124699
1	39	0.553081	0.0028	0.011	0.001	0	0.000299482	0.000312653	0.000197468	0.00502691	0.0124634
1	39	0.507191	0.0028	0.011	0.001	0	0.00031196	0.000599854	0.000173184	0.00504791	0.0124823
1	39	0.51394	0.0028	0.011	0.001	0	0.000219761	0.000543292	0.000176437	0.00504382	0.0124762
1	39	0.52072	0.0028	0.011	0.001	0	0.000356568	0.000492345	0.000179807	0.00504013	0.0124758
1	39	0.52753	0.0028	0.011	0.001	0	0.00034699	0.000446496	0.000183301	0.00503686	0.0124725
1	39	0.534371	0.0028	0.011	0.001	0	0.000339794	0.000405198	0.000186925	0.00503386	0.0124697
1	39	0.541243	0.0028	0.011	0.001	0	0.000361357	0.000368008	0.000190686	0.005031	0.0124681
1	39	0.548145	0.0028	0.011	0.001	0	0.000471147	0.000334518	0.000194592	0.00502855	0.0124699
1	39	0.555079	0.0028	0.011	0.001	0	0.000221026	0.000304255	0.000198652	0.00502629	0.0124613
1	39	0.562044	0.0028	0.011	0.001	0	0.000333877	0.00027698	0.000202875	0.00502424	0.0124624
1	39	0.569042	0.0028	0.011	0.001	0	0.00030213	0.000252377	0.00020727	0.00502239	0.0124604
1	39	0.57607	0.0028	0.011	0.001	0	0.000101107	0.000230115	0.000211849	0.0050207	0.0124561
1	39	0.583132	0.0028	0.011	0.001	0	0.00014235	0.000209989	0.000216621	0.00501916	0.0124557
1	39	0.590225	0.0028	0.011	0.001	0	0.000204752	0.000191822	0.0002216	0.00501777	0.0124558
1	39	0.597351	0.0028	0.011	0.001	0	9.98855e-05	0.000175415	0.0002268	0.00501649	0.0124538
1	39	0.60451	0.0028	0.011	0.001	0	0.000222354	0.000160593	0.000232234	0.00501536	0.0124548
1	39	0.611701	0.0028	0.011	0.001	0	0.000251353	0.000147211	0.00023792	0.0050143	0.0124549
1	39	0.618926	0.0028	0.011	0.001	0	0.00012164	0.00013511	0.000243873	0.00501334	0.0124526
1	39	0.626185	0.0028	0.011	0.001	0	0.000150184	0.000124131	0.000250114	0.00501248	0.0124525
1	39	0.633477	0.0028	0.011	0.001	0	0.000118522	0.000114218	0.000256662	0.0050117	0.0124519
1	39	0.640803	0.0028	0.011	0.001	0	0.000117357	0.000105215	0.000263542	0.00501098	0.0124517
1	39	0.648163	0.0028	0.011	0.001	0	8.75339e-06	9.70396e-05	0.000270777	0.00501033	0.012451
1	39	0.655558	0.0028	0.011	0.001	0	6.05122e-05	8.96245e-05	0.000278396	0.00500975	0.012451
1	39	0.662987	0.0028	0.011	0.001	0	4.20481e-05	8.29319e-05	0.00028643	0.00500922	0.0124508
1	39	0.670452	0.0028	0.011	0.001	0	0.000141057	7.6835e-05	0.000294912	0.00500872	0.0124515
1	39	0.677951	0.0028	0.011	0.001	0	0.000167555	7.13267e-05	0.00030388	0.00500829	0.0124518
1	39	0.685486	0.0028	0.011	0.001	0	0.000102585	6.63181e-05	0.000313376	0.0050079	0.0124512
1	39	0.693056	0.0028	0.011	0.001	0	0.00018699	6.17649e-05	0.000323448	0.00500754	0.0124523
1	39	0.700662	0.0028	0.011	0.001	0	0.000309069	5.76209e-05	0.000334148	0.00500725	0.0124548
1	39	0.708305	0.0028	0.011	0.001	0	0.000253348	5.38532e-05	0.000345535	0.00500698	0.0124538
1	39	0.715984	0.0028	0.011	0.001	0	0.000525902	5.04216e-05	0.000357676	0.00500674	0.0124625
1	39	0.723699	0.0028	0.011	0.001	0	0.000540852	4.73003e-05	0.000370647	0.00500654	0.0124634
1	39	0.731452	0.0028	0.011	0.001	0	0.000381275	4.44642e-05	0.000384534	0.00500637	0.0124579
1	39	0.66782	0.0028	0.011	0.001	0	0.000217168	7.89175e-05	0.000291873	0.0050089	0.0124526
1	39	0.677186	0.0028	0.011	0.001	0	0.00016881	7.1863e-05	0.000302944	0.00500834	0.0124519
1	39	0.686608	0.0028	0.011	0.001	0	0.000220963	6.56175e-05	0.000314834	0.00500785	0.0124527
1	39	0.696085	0.0028	0.011	0.001	0	0.000300722	6.00639e-05	0.000327636	0.00500742	0.0124545
1	39	0.705618	0.0028	0.011	0.001	0	0.000298542	5.51355e-05	0.000341456	0.00500707	0.0124547
1	39	0.715209	0.0028	0.011	0.001	0	0.000532538	5.07535e-05	0.000356417	0.00500676	0.0124628
1	39	0.724856	0.0028	0.011	0.001	0	0.000467783	4.6862e-05	0.000372663	0.00500651	0.0124605
1	39	0.734561	0.0028	0.011	0.001	0	0.000594041	4.33972e-05	0.000390364	0.00500631	0.0124664
1	39	0.744325	0.0028	0.011	0.001	0	0.000586623	4.03028e-05	0.00040972	0.00500616	0.0124666
1	39	0.754148	0.0028	0.011	0.001	0	0.000374036	3.75322e-05	0.000430967	0.00500606	0.012459
1	39	0.764029	0.0028	0.011	0.001	0	0.000241527	3.50568e-05	0.000454391	0.00500601	0.0124566
1	39	0.773971	0.0028	0.011	0.001	0	0.000497678	3.28466e-05	0.000480336	0.00500603	0.0124651
1	39	0.783974	0.0028	0.011	0.001	0	0.000471927	3.08853e-05	0.000509222	0.00500612	0.0124653
1	39	0.794037	0.0028	0.011	0.001	0	0.000724267	2.91905e-05	0.000541566	0.00500632	0.0124789
1	39	0.804162	0.0028	0.011	0.001	0	0.00134046	2.77763e-05	0.000578013	0.00500668	0.0125315
1	39	0.814349	0.0028	0.011	0.001	0	0.00247346	2.66849e-05	0.000619376	0.00500722	0.0127049
1	39	0.824599	0.0028	0.011	0.001	0	0.0035951	2.59101e-05	0.000666697	0.00500806	0.0129727
1	39	0.834911	0.0028	0.011	0.001	0	0.00380909	2.54182e-05	0.000721325	0.00500923	0.013037
1	39	0.845288	0.0028	0.011	0.001	0	0.000271737	2.48738e-05	0.000785049	0.00501071	0.0124755
1	39	0.85573	0.0028	0.011	0.001	0	0.0152946	2.32847e-05	0.000860285	0.00501203	0.0197389
1	39	0.866236	0.0028	0.011	0.001	0	0.0193084	2.14398e-05	0.000950369	0.00501431	0.0229935
1	39	0.876809	0.0028	0.011	0.001	0	0.0324235	2.48946e-05	0.00106005	0.00502264	0.0347487
1	39	0.887447	0.0028	0.011	0.001	0	0.00406225	2.74306e-05	0.0011963	0.00503344	0.0131571
1	39	0.898153	0.0028	0.011	0.001	0	0.0312059	2.55466e-05	0.00136978	0.00504279	0.0336297
1	39	0.908926	0.0028	0.011	0.001	0	0.041334	2.2884e-05	0.00159767	0.00506013	0.043203
1	39	0.919767	0.0028	0.011	0.001	0	0.0368579	3.0719e-05	0.00190932	0.00512675	0.038965
