  10.60200   3.14700  20.99500   4.43003  10.43996   7.45500   0.51810 2.61855e-04   0.31666   4.42233   0.00371   0.00681   0.01766  -5.50000   0.94367   0.00091
  10.60200   3.24575  20.99500   4.56903  10.11566   7.35625   0.53136 2.60133e-04   0.33099   4.21739   0.00379   0.00686   0.01750  -4.50000   0.94395   0.00098
  10.60200   3.34449  20.99500   4.70802   9.79138   7.25751   0.54440 2.58179e-04   0.34569   4.00290   0.00390   0.00692   0.01746  -3.50000   0.94301   0.00105
  10.60200   3.44322  20.99500   4.84701   9.46712   7.15878   0.55720 2.55975e-04   0.36081   3.79645   0.00402   0.00698   0.01752  -2.50000   0.94585   0.00114
  10.60200   3.54194  20.99500   4.98598   9.14289   7.06006   0.56976 2.53501e-04   0.37634   3.59000   0.00414   0.00703   0.01755  -1.50000   0.95161   0.00124
  10.60200   3.81126  20.99500   5.36510   8.25838   6.79074   0.60282 2.45204e-04   0.42102   2.96576   0.00215   0.00482   0.01775  -5.50000   0.94138   0.00096
  10.60200   3.93082  20.99500   5.53340   7.86572   6.67118   0.61692 2.40702e-04   0.44201   2.71525   0.00223   0.00485   0.01790  -4.50000   0.94281   0.00107
  10.60200   4.05037  20.99500   5.70169   7.47309   6.55163   0.63067 2.35630e-04   0.46376   2.46256   0.00231   0.00488   0.01819  -3.50000   0.94498   0.00120
  10.60200   4.16991  20.99500   5.86997   7.08050   6.43209   0.64406 2.29937e-04   0.48632   2.22030   0.00243   0.00493   0.01833  -2.50000   0.94808   0.00138
  10.60200   4.28943  20.99500   6.03823   6.68794   6.31257   0.65710 2.23569e-04   0.50974   1.98749   0.00255   0.00498   0.01868  -1.50000   0.95087   0.00159
  10.60200   4.28329  20.99500   6.02958   6.70811   6.31871   0.65644 2.23914e-04   0.50851   2.00049   0.00217   0.00403   0.01866  -5.50000   0.95097   0.00145
  10.60200   4.41764  20.99500   6.21870   6.26689   6.18436   0.67070 2.15919e-04   0.53585   1.74064   0.00228   0.00409   0.01912  -4.50000   0.95447   0.00172
  10.60200   4.55197  20.99500   6.40779   5.82572   6.05003   0.68450 2.06910e-04   0.56441   1.48888   0.00243   0.00417   0.01955  -3.50000   0.95419   0.00208
  10.60200   4.68628  20.99500   6.59687   5.38459   5.91572   0.69786 1.96788e-04   0.59425   1.24400   0.00263   0.00430   0.02016  -2.50000   0.94737   0.00259
  10.60200   4.82059  20.99500   6.78593   4.94350   5.78141   0.71078 1.85447e-04   0.62548   1.01312   0.00287   0.00447   0.02087  -1.50000   0.93485   0.00331
  10.60200   4.79405  20.99500   6.74858   5.03065   5.80795   0.70827 1.87790e-04   0.61920   1.06315   0.00389   0.00582   0.02077  -5.50000   0.94341   0.00396
  10.60200   4.84470  20.99500   6.81987   4.86432   5.75730   0.71306 1.83273e-04   0.63125   0.99404   0.00399   0.00588   0.02100  -4.50000   0.95086   0.00435
  10.60200   4.89534  20.99500   6.89116   4.69800   5.70666   0.71779 1.78564e-04   0.64350   0.91379   0.00411   0.00597   0.02141  -3.50000   0.94585   0.00482
  10.60200   4.94598  20.99500   6.96244   4.53169   5.65602   0.72245 1.73656e-04   0.65598   0.83496   0.00426   0.00609   0.02180  -2.50000   0.93852   0.00538
  10.60200   4.99662  20.99500   7.03373   4.36538   5.60538   0.72705 1.68542e-04   0.66868   0.77157   0.00439   0.00617   0.02225  -1.50000   0.94605   0.00601
  10.60200   5.04725  20.99500   7.10501   4.19908   5.55475   0.73160 1.63216e-04   0.68162   0.70198   0.00457   0.00631   0.02262  -0.50000   0.94174   0.00680
  10.60200   5.09789  20.99500   7.17629   4.03278   5.50411   0.73608 1.57669e-04   0.69479   0.63844   0.00474   0.00643   0.02316   0.50000   0.94167   0.00769
  10.60200   5.14852  20.99500   7.24756   3.86649   5.45348   0.74050 1.51896e-04   0.70821   0.56946   0.00497   0.00663   0.02372   1.50000   0.92804   0.00884
  10.60200   5.19915  20.99500   7.31883   3.70021   5.40285   0.74485 1.45887e-04   0.72187   0.50789   0.00520   0.00682   0.02441   2.50000   0.92027   0.01022
  10.60200   5.24978  20.99500   7.39010   3.53393   5.35222   0.74915 1.39636e-04   0.73580   0.45458   0.00541   0.00699   0.02483   3.50000   0.91980   0.01181
  10.60200   5.30041  20.99500   7.46137   3.36766   5.30159   0.75339 1.33135e-04   0.74999   0.39755   0.00574   0.00729   0.02545   4.50000   0.90199   0.01394
  10.60200   5.35103  20.99500   7.53264   3.20139   5.25097   0.75756 1.26376e-04   0.76445   0.35198   0.00604   0.00753   0.02599   5.50000   0.89856   0.01640
  10.60200   5.40166  20.99500   7.60390   3.03513   5.20034   0.76168 1.19350e-04   0.77919   0.30660   0.00640   0.00786   0.02687   6.50000   0.88481   0.01952
  10.60200   5.45228  20.99500   7.67516   2.86888   5.14972   0.76574 1.12048e-04   0.79423   0.26352   0.00678   0.00820   0.02844   7.50000   0.86961   0.02349
  10.60200   5.50290  20.99500   7.74642   2.70263   5.09910   0.76973 1.04463e-04   0.80956   0.22634   0.00719   0.00855   0.03022   8.50000   0.86781   0.02880
  10.60200   5.39647  20.99500   7.59660   3.05215   5.20553   0.76126 1.20082e-04   0.77767   0.33453   0.00315   0.00446   0.02675  -5.50000   0.95291   0.01082
  10.60200   5.45347  20.99500   7.67683   2.86497   5.14853   0.76583 1.11873e-04   0.79458   0.28846   0.00330   0.00457   0.02851  -4.50000   0.95506   0.01298
  10.60200   5.51046  20.99500   7.75706   2.67779   5.09154   0.77033 1.03305e-04   0.81188   0.24117   0.00348   0.00471   0.03040  -3.50000   0.94645   0.01598
  10.60200   5.56745  20.99500   7.83729   2.49062   5.03455   0.77475 9.43633e-05   0.82956   0.20014   0.00369   0.00488   0.03124  -2.50000   0.93608   0.01988
  10.60200   5.62444  20.99500   7.91751   2.30346   4.97756   0.77909 8.50356e-05   0.84764   0.16726   0.00391   0.00504   0.03291  -1.50000   0.94378   0.02507
  10.60200   5.68143  20.99500   7.99773   2.11630   4.92057   0.78336 7.53084e-05   0.86615   0.13557   0.00418   0.00525   0.03559  -0.50000   0.94288   0.03261
  10.60200   5.73841  20.99500   8.07795   1.92915   4.86359   0.78756 6.51678e-05   0.88509   0.10412   0.00452   0.00555   0.03864   0.50000   0.91649   0.04392
  10.60200   5.79539  20.99500   8.15816   1.74201   4.80661   0.79168 5.45998e-05   0.90447   0.07824   0.00494   0.00593   0.04014   1.50000   0.88954   0.06110
  10.60200   5.85237  20.99500   8.23837   1.55488   4.74963   0.79574 4.35897e-05   0.92432   0.05940   0.00538   0.00632   0.04054   2.50000   0.87734   0.08549
  10.60200   5.90935  20.99500   8.31857   1.36776   4.69265   0.79972 3.21231e-05   0.94465   0.04441   0.00595   0.00686 -22.51582   3.50000   0.84115   0.11970
  10.60200   5.96632  20.99500   8.39878   1.18064   4.63568   0.80362 2.01845e-05   0.96548   0.03473   0.00667   0.00754 -28.78983   4.50000   0.80160   0.16157
  10.60200   3.11409  20.99500   4.38369  10.54807   7.48791   0.51362 2.62380e-04   0.31198   4.52345   0.00636   0.00853   0.01776  -5.50000   0.95028   0.00141
  10.60200   3.14700  20.99500   4.43003  10.43996   7.45500   0.51810 2.61855e-04   0.31666   4.45376   0.00640   0.00856   0.01766  -4.50000   0.95037   0.00144
  10.60200   3.17992  20.99500   4.47636  10.33186   7.42208   0.52255 2.61305e-04   0.32140   4.29150   0.00651   0.00871   0.01757  -3.50000   0.93007   0.00149
  10.60200   3.21283  20.99500   4.52270  10.22376   7.38917   0.52697 2.60731e-04   0.32617   4.25934   0.00653   0.00870   0.01757  -2.50000   0.93812   0.00151
  10.60200   3.24575  20.99500   4.56903  10.11566   7.35625   0.53136 2.60133e-04   0.33099   4.19852   0.00658   0.00873   0.01750  -1.50000   0.93972   0.00155
  10.60200   3.27866  20.99500   4.61536  10.00756   7.32334   0.53573 2.59508e-04   0.33584   4.19548   0.00660   0.00869   0.01743  -0.50000   0.95433   0.00158
  10.60200   3.31157  20.99500   4.66169   9.89947   7.29043   0.54008 2.58857e-04   0.34075   4.10499   0.00667   0.00877   0.01745   0.50000   0.94997   0.00162
  10.60200   3.34449  20.99500   4.70802   9.79138   7.25751   0.54440 2.58179e-04   0.34569   3.96511   0.00678   0.00890   0.01747   1.50000   0.93411   0.00167
  10.60200   3.37740  20.99500   4.75435   9.68329   7.22460   0.54869 2.57473e-04   0.35069   3.93999   0.00682   0.00890   0.01745   2.50000   0.94488   0.00172
  10.60200   3.41031  20.99500   4.80068   9.57521   7.19169   0.55296 2.56739e-04   0.35572   3.88786   0.00686   0.00891   0.01752   3.50000   0.95050   0.00176
  10.60200   3.44322  20.99500   4.84701   9.46712   7.15878   0.55720 2.55975e-04   0.36081   3.79060   0.00697   0.00901   0.01746   4.50000   0.94439   0.00182
  10.60200   3.47613  20.99500   4.89333   9.35904   7.12587   0.56141 2.55181e-04   0.36594   3.70614   0.00706   0.00909   0.01757   5.50000   0.94246   0.00188
  10.60200   3.50903  20.99500   4.93966   9.25096   7.09297   0.56560 2.54357e-04   0.37112   3.65436   0.00711   0.00911   0.01755   6.50000   0.94866   0.00193
  10.60200   3.54194  20.99500   4.98598   9.14289   7.06006   0.56976 2.53501e-04   0.37634   3.59240   0.00717   0.00914   0.01754   7.50000   0.95225   0.00198
  10.60200   3.57485  20.99500   5.03230   9.03482   7.02715   0.57389 2.52613e-04   0.38162   3.52317   0.00725   0.00920   0.01755   8.50000   0.95405   0.00205
  10.60200   3.77140  20.99500   5.30900   8.38927   6.83060   0.59804 2.46587e-04   0.41419   3.04042   0.00369   0.00568   0.01768  -5.50000   0.93879   0.00131
  10.60200   3.81126  20.99500   5.36510   8.25838   6.79074   0.60282 2.45204e-04   0.42102   2.98863   0.00372   0.00568   0.01774  -4.50000   0.94864   0.00136
  10.60200   3.85111  20.99500   5.42120   8.12749   6.75089   0.60756 2.43764e-04   0.42793   2.86719   0.00377   0.00574   0.01783  -3.50000   0.93668   0.00141
  10.60200   3.89097  20.99500   5.47731   7.99660   6.71103   0.61226 2.42263e-04   0.43493   2.79521   0.00381   0.00576   0.01791  -2.50000   0.94092   0.00147
  10.60200   3.93082  20.99500   5.53340   7.86572   6.67118   0.61692 2.40702e-04   0.44201   2.71828   0.00385   0.00578   0.01787  -1.50000   0.94386   0.00153
  10.60200   3.97067  20.99500   5.58950   7.73484   6.63133   0.62154 2.39077e-04   0.44917   2.63161   0.00391   0.00582   0.01793  -0.50000   0.94374   0.00160
  10.60200   4.01052  20.99500   5.64560   7.60396   6.59148   0.62613 2.37387e-04   0.45642   2.54109   0.00396   0.00585   0.01807   0.50000   0.94225   0.00167
  10.60200   4.05037  20.99500   5.70169   7.47309   6.55163   0.63067 2.35630e-04   0.46376   2.45135   0.00401   0.00589   0.01823   1.50000   0.94068   0.00174
  10.60200   4.09021  20.99500   5.75779   7.34222   6.51179   0.63517 2.33804e-04   0.47119   2.39563   0.00406   0.00589   0.01827   2.50000   0.95239   0.00182
  10.60200   4.13006  20.99500   5.81388   7.21136   6.47194   0.63964 2.31907e-04   0.47871   2.30525   0.00413   0.00595   0.01821   3.50000   0.94960   0.00191
  10.60200   4.16991  20.99500   5.86997   7.08050   6.43209   0.64406 2.29937e-04   0.48632   2.21561   0.00420   0.00601   0.01837   4.50000   0.94608   0.00201
  10.60200   4.20975  20.99500   5.92605   6.94964   6.39225   0.64845 2.27892e-04   0.49403   2.14074   0.00427   0.00605   0.01841   5.50000   0.94852   0.00211
  10.60200   4.24959  20.99500   5.98214   6.81879   6.35241   0.65280 2.25770e-04   0.50183   2.07208   0.00434   0.00609   0.01860   6.50000   0.95336   0.00222
  10.60200   4.28943  20.99500   6.03823   6.68794   6.31257   0.65710 2.23569e-04   0.50974   1.97761   0.00442   0.00616   0.01864   7.50000   0.94614   0.00234
  10.60200   4.32927  20.99500   6.09431   6.55709   6.27273   0.66137 2.21286e-04   0.51774   1.91310   0.00450   0.00620   0.01881   8.50000   0.95312   0.00248
  10.60200   4.23851  20.99500   5.96654   6.85519   6.36349   0.65159 2.26369e-04   0.49965   2.08357   0.00370   0.00503   0.01847  -5.50000   0.94837   0.00195
  10.60200   4.28329  20.99500   6.02958   6.70811   6.31871   0.65644 2.23914e-04   0.50851   2.00581   0.00375   0.00506   0.01869  -4.50000   0.95350   0.00206
  10.60200   4.32808  20.99500   6.09262   6.56103   6.27392   0.66124 2.21356e-04   0.51749   1.91157   0.00382   0.00511   0.01882  -3.50000   0.95117   0.00218
  10.60200   4.37286  20.99500   6.15566   6.41396   6.22914   0.66599 2.18692e-04   0.52661   1.82114   0.00388   0.00516   0.01897  -2.50000   0.95000   0.00232
  10.60200   4.41764  20.99500   6.21870   6.26689   6.18436   0.67070 2.15919e-04   0.53585   1.73743   0.00395   0.00521   0.01918  -1.50000   0.95271   0.00247
  10.60200   4.46241  20.99500   6.28173   6.11983   6.13959   0.67535 2.13034e-04   0.54523   1.66596   0.00402   0.00525   0.01922  -0.50000   0.96126   0.00263
  10.60200   4.50719  20.99500   6.34476   5.97277   6.09481   0.67995 2.10032e-04   0.55475   1.57698   0.00412   0.00533   0.01940   0.50000   0.95863   0.00283
  10.60200   4.55197  20.99500   6.40779   5.82572   6.05003   0.68450 2.06910e-04   0.56441   1.47766   0.00422   0.00542   0.01949   1.50000   0.94700   0.00304
  10.60200   4.59674  20.99500   6.47082   5.67867   6.00526   0.68901 2.03665e-04   0.57421   1.41291   0.00430   0.00548   0.01976   2.50000   0.95687   0.00326
  10.60200   4.64151  20.99500   6.53385   5.53163   5.96049   0.69346 2.00292e-04   0.58416   1.32031   0.00443   0.00559   0.01984   3.50000   0.94716   0.00353
  10.60200   4.68628  20.99500   6.59687   5.38459   5.91572   0.69786 1.96788e-04   0.59425   1.25073   0.00454   0.00567   0.02026   4.50000   0.95250   0.00382
  10.60200   4.73105  20.99500   6.65989   5.23755   5.87095   0.70222 1.93149e-04   0.60451   1.16268   0.00469   0.00580   0.02037   5.50000   0.94215   0.00418
  10.60200   4.77582  20.99500   6.72292   5.09052   5.82618   0.70653 1.89370e-04   0.61491   1.08378   0.00483   0.00592   0.02067   6.50000   0.93626   0.00456
  10.60200   4.82059  20.99500   6.78593   4.94350   5.78141   0.71078 1.85447e-04   0.62548   1.01520   0.00495   0.00602   0.02080   7.50000   0.93678   0.00498
  10.60200   4.86535  20.99500   6.84895   4.79648   5.73665   0.71499 1.81376e-04   0.63622   0.94311   0.00513   0.00618   0.02115   8.50000   0.93119   0.00549
  10.60200   4.79405  20.99500   6.74858   5.03065   5.80795   0.70827 1.87790e-04   0.61920   1.06315   0.00389   0.00582   0.02077  -5.50000   0.94341   0.00396
  10.60200   4.84470  20.99500   6.81987   4.86432   5.75730   0.71306 1.83273e-04   0.63125   0.99404   0.00399   0.00588   0.02100  -4.50000   0.95086   0.00435
  10.60200   4.89534  20.99500   6.89116   4.69800   5.70666   0.71779 1.78564e-04   0.64350   0.91379   0.00411   0.00597   0.02141  -3.50000   0.94585   0.00482
  10.60200   4.94598  20.99500   6.96244   4.53169   5.65602   0.72245 1.73656e-04   0.65598   0.83496   0.00426   0.00609   0.02180  -2.50000   0.93852   0.00538
  10.60200   4.99662  20.99500   7.03373   4.36538   5.60538   0.72705 1.68542e-04   0.66868   0.77157   0.00439   0.00617   0.02225  -1.50000   0.94605   0.00601
  10.60200   5.04725  20.99500   7.10501   4.19908   5.55475   0.73160 1.63216e-04   0.68162   0.70198   0.00457   0.00631   0.02262  -0.50000   0.94174   0.00680
  10.60200   5.09789  20.99500   7.17629   4.03278   5.50411   0.73608 1.57669e-04   0.69479   0.63844   0.00474   0.00643   0.02316   0.50000   0.94167   0.00769
  10.60200   5.14852  20.99500   7.24756   3.86649   5.45348   0.74050 1.51896e-04   0.70821   0.56946   0.00497   0.00663   0.02372   1.50000   0.92804   0.00884
  10.60200   5.19915  20.99500   7.31883   3.70021   5.40285   0.74485 1.45887e-04   0.72187   0.50789   0.00520   0.00682   0.02441   2.50000   0.92027   0.01022
  10.60200   5.24978  20.99500   7.39010   3.53393   5.35222   0.74915 1.39636e-04   0.73580   0.45458   0.00541   0.00699   0.02483   3.50000   0.91980   0.01181
  10.60200   5.30041  20.99500   7.46137   3.36766   5.30159   0.75339 1.33135e-04   0.74999   0.39755   0.00574   0.00729   0.02545   4.50000   0.90199   0.01394
  10.60200   5.35103  20.99500   7.53264   3.20139   5.25097   0.75756 1.26376e-04   0.76445   0.35198   0.00604   0.00753   0.02599   5.50000   0.89856   0.01640
  10.60200   5.40166  20.99500   7.60390   3.03513   5.20034   0.76168 1.19350e-04   0.77919   0.30660   0.00640   0.00786   0.02687   6.50000   0.88481   0.01952
  10.60200   5.45228  20.99500   7.67516   2.86888   5.14972   0.76574 1.12048e-04   0.79423   0.26352   0.00678   0.00820   0.02844   7.50000   0.86961   0.02349
  10.60200   5.50290  20.99500   7.74642   2.70263   5.09910   0.76973 1.04463e-04   0.80956   0.22634   0.00719   0.00855   0.03022   8.50000   0.86781   0.02880
  10.60200   5.39647  20.99500   7.59660   3.05215   5.20553   0.76126 1.20082e-04   0.77767   0.33453   0.00315   0.00446   0.02675  -5.50000   0.95291   0.01082
  10.60200   5.45347  20.99500   7.67683   2.86497   5.14853   0.76583 1.11873e-04   0.79458   0.28846   0.00330   0.00457   0.02851  -4.50000   0.95506   0.01298
  10.60200   5.51046  20.99500   7.75706   2.67779   5.09154   0.77033 1.03305e-04   0.81188   0.24117   0.00348   0.00471   0.03040  -3.50000   0.94645   0.01598
  10.60200   5.56745  20.99500   7.83729   2.49062   5.03455   0.77475 9.43633e-05   0.82956   0.20014   0.00369   0.00488   0.03124  -2.50000   0.93608   0.01988
  10.60200   5.62444  20.99500   7.91751   2.30346   4.97756   0.77909 8.50356e-05   0.84764   0.16726   0.00391   0.00504   0.03291  -1.50000   0.94378   0.02507
  10.60200   5.68143  20.99500   7.99773   2.11630   4.92057   0.78336 7.53084e-05   0.86615   0.13557   0.00418   0.00525   0.03559  -0.50000   0.94288   0.03261
  10.60200   5.73841  20.99500   8.07795   1.92915   4.86359   0.78756 6.51678e-05   0.88509   0.10412   0.00452   0.00555   0.03864   0.50000   0.91649   0.04392
  10.60200   5.79539  20.99500   8.15816   1.74201   4.80661   0.79168 5.45998e-05   0.90447   0.07824   0.00494   0.00593   0.04014   1.50000   0.88954   0.06110
  10.60200   5.85237  20.99500   8.23837   1.55488   4.74963   0.79574 4.35897e-05   0.92432   0.05940   0.00538   0.00632   0.04054   2.50000   0.87734   0.08549
  10.60200   5.90935  20.99500   8.31857   1.36776   4.69265   0.79972 3.21231e-05   0.94465   0.04441   0.00595   0.00686 -22.51582   3.50000   0.84115   0.11970
  10.60200   5.96632  20.99500   8.39878   1.18064   4.63568   0.80362 2.01845e-05   0.96548   0.03473   0.00667   0.00754 -28.78983   4.50000   0.80160   0.16157
  10.60200   3.11409  20.99500   4.38369  10.54807   7.48791   0.51362 2.62380e-04   0.31198   4.52345   0.00636   0.00853   0.01776  -5.50000   0.95028   0.00141
  10.60200   3.14700  20.99500   4.43003  10.43996   7.45500   0.51810 2.61855e-04   0.31666   4.45376   0.00640   0.00856   0.01766  -4.50000   0.95037   0.00144
  10.60200   3.17992  20.99500   4.47636  10.33186   7.42208   0.52255 2.61305e-04   0.32140   4.29150   0.00651   0.00871   0.01757  -3.50000   0.93007   0.00149
  10.60200   3.21283  20.99500   4.52270  10.22376   7.38917   0.52697 2.60731e-04   0.32617   4.25934   0.00653   0.00870   0.01757  -2.50000   0.93812   0.00151
  10.60200   3.24575  20.99500   4.56903  10.11566   7.35625   0.53136 2.60133e-04   0.33099   4.19852   0.00658   0.00873   0.01750  -1.50000   0.93972   0.00155
  10.60200   3.27866  20.99500   4.61536  10.00756   7.32334   0.53573 2.59508e-04   0.33584   4.19548   0.00660   0.00869   0.01743  -0.50000   0.95433   0.00158
  10.60200   3.31157  20.99500   4.66169   9.89947   7.29043   0.54008 2.58857e-04   0.34075   4.10499   0.00667   0.00877   0.01745   0.50000   0.94997   0.00162
  10.60200   3.34449  20.99500   4.70802   9.79138   7.25751   0.54440 2.58179e-04   0.34569   3.96511   0.00678   0.00890   0.01747   1.50000   0.93411   0.00167
  10.60200   3.37740  20.99500   4.75435   9.68329   7.22460   0.54869 2.57473e-04   0.35069   3.93999   0.00682   0.00890   0.01745   2.50000   0.94488   0.00172
  10.60200   3.41031  20.99500   4.80068   9.57521   7.19169   0.55296 2.56739e-04   0.35572   3.88786   0.00686   0.00891   0.01752   3.50000   0.95050   0.00176
  10.60200   3.44322  20.99500   4.84701   9.46712   7.15878   0.55720 2.55975e-04   0.36081   3.79060   0.00697   0.00901   0.01746   4.50000   0.94439   0.00182
  10.60200   3.47613  20.99500   4.89333   9.35904   7.12587   0.56141 2.55181e-04   0.36594   3.70614   0.00706   0.00909   0.01757   5.50000   0.94246   0.00188
  10.60200   3.50903  20.99500   4.93966   9.25096   7.09297   0.56560 2.54357e-04   0.37112   3.65436   0.00711   0.00911   0.01755   6.50000   0.94866   0.00193
  10.60200   3.54194  20.99500   4.98598   9.14289   7.06006   0.56976 2.53501e-04   0.37634   3.59240   0.00717   0.00914   0.01754   7.50000   0.95225   0.00198
  10.60200   3.57485  20.99500   5.03230   9.03482   7.02715   0.57389 2.52613e-04   0.38162   3.52317   0.00725   0.00920   0.01755   8.50000   0.95405   0.00205
  10.60200   3.77140  20.99500   5.30900   8.38927   6.83060   0.59804 2.46587e-04   0.41419   3.04042   0.00369   0.00568   0.01768  -5.50000   0.93879   0.00131
  10.60200   3.81126  20.99500   5.36510   8.25838   6.79074   0.60282 2.45204e-04   0.42102   2.98863   0.00372   0.00568   0.01774  -4.50000   0.94864   0.00136
  10.60200   3.85111  20.99500   5.42120   8.12749   6.75089   0.60756 2.43764e-04   0.42793   2.86719   0.00377   0.00574   0.01783  -3.50000   0.93668   0.00141
  10.60200   3.89097  20.99500   5.47731   7.99660   6.71103   0.61226 2.42263e-04   0.43493   2.79521   0.00381   0.00576   0.01791  -2.50000   0.94092   0.00147
  10.60200   3.93082  20.99500   5.53340   7.86572   6.67118   0.61692 2.40702e-04   0.44201   2.71828   0.00385   0.00578   0.01787  -1.50000   0.94386   0.00153
  10.60200   3.97067  20.99500   5.58950   7.73484   6.63133   0.62154 2.39077e-04   0.44917   2.63161   0.00391   0.00582   0.01793  -0.50000   0.94374   0.00160
  10.60200   4.01052  20.99500   5.64560   7.60396   6.59148   0.62613 2.37387e-04   0.45642   2.54109   0.00396   0.00585   0.01807   0.50000   0.94225   0.00167
  10.60200   4.05037  20.99500   5.70169   7.47309   6.55163   0.63067 2.35630e-04   0.46376   2.45135   0.00401   0.00589   0.01823   1.50000   0.94068   0.00174
  10.60200   4.09021  20.99500   5.75779   7.34222   6.51179   0.63517 2.33804e-04   0.47119   2.39563   0.00406   0.00589   0.01827   2.50000   0.95239   0.00182
  10.60200   4.13006  20.99500   5.81388   7.21136   6.47194   0.63964 2.31907e-04   0.47871   2.30525   0.00413   0.00595   0.01821   3.50000   0.94960   0.00191
  10.60200   4.16991  20.99500   5.86997   7.08050   6.43209   0.64406 2.29937e-04   0.48632   2.21561   0.00420   0.00601   0.01837   4.50000   0.94608   0.00201
  10.60200   4.20975  20.99500   5.92605   6.94964   6.39225   0.64845 2.27892e-04   0.49403   2.14074   0.00427   0.00605   0.01841   5.50000   0.94852   0.00211
  10.60200   4.24959  20.99500   5.98214   6.81879   6.35241   0.65280 2.25770e-04   0.50183   2.07208   0.00434   0.00609   0.01860   6.50000   0.95336   0.00222
  10.60200   4.28943  20.99500   6.03823   6.68794   6.31257   0.65710 2.23569e-04   0.50974   1.97761   0.00442   0.00616   0.01864   7.50000   0.94614   0.00234
  10.60200   4.32927  20.99500   6.09431   6.55709   6.27273   0.66137 2.21286e-04   0.51774   1.91310   0.00450   0.00620   0.01881   8.50000   0.95312   0.00248
  10.60200   4.23851  20.99500   5.96654   6.85519   6.36349   0.65159 2.26369e-04   0.49965   2.08357   0.00370   0.00503   0.01847  -5.50000   0.94837   0.00195
  10.60200   4.28329  20.99500   6.02958   6.70811   6.31871   0.65644 2.23914e-04   0.50851   2.00581   0.00375   0.00506   0.01869  -4.50000   0.95350   0.00206
  10.60200   4.32808  20.99500   6.09262   6.56103   6.27392   0.66124 2.21356e-04   0.51749   1.91157   0.00382   0.00511   0.01882  -3.50000   0.95117   0.00218
  10.60200   4.37286  20.99500   6.15566   6.41396   6.22914   0.66599 2.18692e-04   0.52661   1.82114   0.00388   0.00516   0.01897  -2.50000   0.95000   0.00232
  10.60200   4.41764  20.99500   6.21870   6.26689   6.18436   0.67070 2.15919e-04   0.53585   1.73743   0.00395   0.00521   0.01918  -1.50000   0.95271   0.00247
  10.60200   4.46241  20.99500   6.28173   6.11983   6.13959   0.67535 2.13034e-04   0.54523   1.66596   0.00402   0.00525   0.01922  -0.50000   0.96126   0.00263
  10.60200   4.50719  20.99500   6.34476   5.97277   6.09481   0.67995 2.10032e-04   0.55475   1.57698   0.00412   0.00533   0.01940   0.50000   0.95863   0.00283
  10.60200   4.55197  20.99500   6.40779   5.82572   6.05003   0.68450 2.06910e-04   0.56441   1.47766   0.00422   0.00542   0.01949   1.50000   0.94700   0.00304
  10.60200   4.59674  20.99500   6.47082   5.67867   6.00526   0.68901 2.03665e-04   0.57421   1.41291   0.00430   0.00548   0.01976   2.50000   0.95687   0.00326
  10.60200   4.64151  20.99500   6.53385   5.53163   5.96049   0.69346 2.00292e-04   0.58416   1.32031   0.00443   0.00559   0.01984   3.50000   0.94716   0.00353
  10.60200   4.68628  20.99500   6.59687   5.38459   5.91572   0.69786 1.96788e-04   0.59425   1.25073   0.00454   0.00567   0.02026   4.50000   0.95250   0.00382
  10.60200   4.73105  20.99500   6.65989   5.23755   5.87095   0.70222 1.93149e-04   0.60451   1.16268   0.00469   0.00580   0.02037   5.50000   0.94215   0.00418
  10.60200   4.77582  20.99500   6.72292   5.09052   5.82618   0.70653 1.89370e-04   0.61491   1.08378   0.00483   0.00592   0.02067   6.50000   0.93626   0.00456
  10.60200   4.82059  20.99500   6.78593   4.94350   5.78141   0.71078 1.85447e-04   0.62548   1.01520   0.00495   0.00602   0.02080   7.50000   0.93678   0.00498
  10.60200   4.86535  20.99500   6.84895   4.79648   5.73665   0.71499 1.81376e-04   0.63622   0.94311   0.00513   0.00618   0.02115   8.50000   0.93119   0.00549
  10.60200   4.79405  20.99500   6.74858   5.03065   5.80795   0.70827 1.87790e-04   0.61920   1.06315   0.00389   0.00582   0.02077  -5.50000   0.94341   0.00396
  10.60200   4.84470  20.99500   6.81987   4.86432   5.75730   0.71306 1.83273e-04   0.63125   0.99404   0.00399   0.00588   0.02100  -4.50000   0.95086   0.00435
  10.60200   4.89534  20.99500   6.89116   4.69800   5.70666   0.71779 1.78564e-04   0.64350   0.91379   0.00411   0.00597   0.02141  -3.50000   0.94585   0.00482
  10.60200   4.94598  20.99500   6.96244   4.53169   5.65602   0.72245 1.73656e-04   0.65598   0.83496   0.00426   0.00609   0.02180  -2.50000   0.93852   0.00538
  10.60200   4.99662  20.99500   7.03373   4.36538   5.60538   0.72705 1.68542e-04   0.66868   0.77157   0.00439   0.00617   0.02225  -1.50000   0.94605   0.00601
  10.60200   5.04725  20.99500   7.10501   4.19908   5.55475   0.73160 1.63216e-04   0.68162   0.70198   0.00457   0.00631   0.02262  -0.50000   0.94174   0.00680
  10.60200   5.09789  20.99500   7.17629   4.03278   5.50411   0.73608 1.57669e-04   0.69479   0.63844   0.00474   0.00643   0.02316   0.50000   0.94167   0.00769
  10.60200   5.14852  20.99500   7.24756   3.86649   5.45348   0.74050 1.51896e-04   0.70821   0.56946   0.00497   0.00663   0.02372   1.50000   0.92804   0.00884
  10.60200   5.19915  20.99500   7.31883   3.70021   5.40285   0.74485 1.45887e-04   0.72187   0.50789   0.00520   0.00682   0.02441   2.50000   0.92027   0.01022
  10.60200   5.24978  20.99500   7.39010   3.53393   5.35222   0.74915 1.39636e-04   0.73580   0.45458   0.00541   0.00699   0.02483   3.50000   0.91980   0.01181
  10.60200   5.30041  20.99500   7.46137   3.36766   5.30159   0.75339 1.33135e-04   0.74999   0.39755   0.00574   0.00729   0.02545   4.50000   0.90199   0.01394
  10.60200   5.35103  20.99500   7.53264   3.20139   5.25097   0.75756 1.26376e-04   0.76445   0.35198   0.00604   0.00753   0.02599   5.50000   0.89856   0.01640
  10.60200   5.40166  20.99500   7.60390   3.03513   5.20034   0.76168 1.19350e-04   0.77919   0.30660   0.00640   0.00786   0.02687   6.50000   0.88481   0.01952
  10.60200   5.45228  20.99500   7.67516   2.86888   5.14972   0.76574 1.12048e-04   0.79423   0.26352   0.00678   0.00820   0.02844   7.50000   0.86961   0.02349
  10.60200   5.50290  20.99500   7.74642   2.70263   5.09910   0.76973 1.04463e-04   0.80956   0.22634   0.00719   0.00855   0.03022   8.50000   0.86781   0.02880
  10.60200   5.39647  20.99500   7.59660   3.05215   5.20553   0.76126 1.20082e-04   0.77767   0.33453   0.00315   0.00446   0.02675  -5.50000   0.95291   0.01082
  10.60200   5.45347  20.99500   7.67683   2.86497   5.14853   0.76583 1.11873e-04   0.79458   0.28846   0.00330   0.00457   0.02851  -4.50000   0.95506   0.01298
  10.60200   5.51046  20.99500   7.75706   2.67779   5.09154   0.77033 1.03305e-04   0.81188   0.24117   0.00348   0.00471   0.03040  -3.50000   0.94645   0.01598
  10.60200   5.56745  20.99500   7.83729   2.49062   5.03455   0.77475 9.43633e-05   0.82956   0.20014   0.00369   0.00488   0.03124  -2.50000   0.93608   0.01988
  10.60200   5.62444  20.99500   7.91751   2.30346   4.97756   0.77909 8.50356e-05   0.84764   0.16726   0.00391   0.00504   0.03291  -1.50000   0.94378   0.02507
  10.60200   5.68143  20.99500   7.99773   2.11630   4.92057   0.78336 7.53084e-05   0.86615   0.13557   0.00418   0.00525   0.03559  -0.50000   0.94288   0.03261
  10.60200   5.73841  20.99500   8.07795   1.92915   4.86359   0.78756 6.51678e-05   0.88509   0.10412   0.00452   0.00555   0.03864   0.50000   0.91649   0.04392
  10.60200   5.79539  20.99500   8.15816   1.74201   4.80661   0.79168 5.45998e-05   0.90447   0.07824   0.00494   0.00593   0.04014   1.50000   0.88954   0.06110
  10.60200   5.85237  20.99500   8.23837   1.55488   4.74963   0.79574 4.35897e-05   0.92432   0.05940   0.00538   0.00632   0.04054   2.50000   0.87734   0.08549
  10.60200   5.90935  20.99500   8.31857   1.36776   4.69265   0.79972 3.21231e-05   0.94465   0.04441   0.00595   0.00686 -22.51582   3.50000   0.84115   0.11970
  10.60200   5.96632  20.99500   8.39878   1.18064   4.63568   0.80362 2.01845e-05   0.96548   0.03473   0.00667   0.00754 -28.78983   4.50000   0.80160   0.16157
  10.60200   2.40187  21.03500   3.39386  12.87441   8.20013   0.41072 2.67663e-04   0.22055   6.23566   0.00862   0.00961   0.01693  -9.50000   0.96842   0.00138
  10.60200   2.42841  21.03500   3.43136  12.78710   8.17359   0.41475 2.67545e-04   0.22371   6.05568   0.00876   0.00976   0.01693  -8.50000   0.94926   0.00141
  10.60200   2.45495  21.03500   3.46886  12.69980   8.14705   0.41877 2.67418e-04   0.22690   5.99174   0.00888   0.00988   0.01690  -7.50000   0.94833   0.00145
  10.60200   2.48149  21.03500   3.50636  12.61249   8.12051   0.42277 2.67282e-04   0.23010   6.00986   0.00892   0.00989   0.01693  -6.50000   0.96086   0.00147
  10.60200   2.50803  21.03500   3.54386  12.52519   8.09397   0.42675 2.67137e-04   0.23332   5.98435   0.00897   0.00993   0.01692  -5.50000   0.96603   0.00149
  10.60200   2.53457  21.03500   3.58136  12.43788   8.06743   0.43072 2.66984e-04   0.23657   6.03694   0.00897   0.00990   0.01692  -4.50000   0.98428   0.00150
  10.60200   2.56111  21.03500   3.61886  12.35058   8.04089   0.43468 2.66821e-04   0.23983   5.92511   0.00911   0.01004   0.01693  -3.50000   0.97582   0.00154
  10.60200   2.58765  21.03500   3.65637  12.26327   8.01435   0.43862 2.66648e-04   0.24312   5.75590   0.00926   0.01020   0.01692  -2.50000   0.95735   0.00158
  10.60200   2.61419  21.03500   3.69387  12.17597   7.98781   0.44254 2.66466e-04   0.24643   5.71588   0.00934   0.01026   0.01697  -1.50000   0.96148   0.00161
  10.60200   2.64073  21.03500   3.73137  12.08866   7.96127   0.44645 2.66274e-04   0.24976   5.70926   0.00941   0.01032   0.01695  -0.50000   0.97060   0.00164
  10.60200   2.66727  21.03500   3.76887  12.00136   7.93473   0.45034 2.66072e-04   0.25312   5.65882   0.00959   0.01047   0.01696   0.50000   0.97247   0.00169
  10.60200   2.69381  21.03500   3.80637  11.91406   7.90819   0.45422 2.65859e-04   0.25649   5.56299   0.00979   0.01066   0.01693   1.50000   0.96690   0.00174
  10.60200   2.72035  21.03500   3.84387  11.82675   7.88165   0.45809 2.65635e-04   0.25989   5.61123   0.00984   0.01068   0.01706   2.50000   0.98622   0.00177
  10.60200   2.74689  21.03500   3.88137  11.73945   7.85511   0.46193 2.65401e-04   0.26331   5.42339   0.01012   0.01097   0.01704   3.50000   0.96415   0.00184
  10.60200   2.77343  21.03500   3.91887  11.65214   7.82857   0.46577 2.65155e-04   0.26676   5.29422   0.01030   0.01115   0.01702   4.50000   0.95234   0.00189
  10.60200   2.79997  21.03500   3.95637  11.56484   7.80203   0.46958 2.64898e-04   0.27023   5.42048   0.01028   0.01109   0.01700   5.50000   0.98705   0.00191
  10.60200   2.82651  21.03500   3.99388  11.47753   7.77549   0.47338 2.64630e-04   0.27372   5.22905   0.01055   0.01137   0.01699   6.50000   0.96405   0.00198
  10.60200   2.85305  21.03500   4.03138  11.39023   7.74895   0.47717 2.64349e-04   0.27724   5.22558   0.01064   0.01144   0.01700   7.50000   0.97513   0.00202
  10.60200   2.87959  21.03500   4.06888  11.30292   7.72241   0.48093 2.64056e-04   0.28078   5.13277   0.01085   0.01164   0.01701   8.50000   0.96980   0.00209
  10.60200   2.90613  21.03500   4.10638  11.21562   7.69587   0.48469 2.63751e-04   0.28434   5.01377   0.01107   0.01186   0.01702   9.50000   0.95915   0.00216
  10.60200   2.93267  21.03500   4.14388  11.12831   7.66933   0.48842 2.63433e-04   0.28793   4.97379   0.01122   0.01199   0.01703  10.50000   0.96339   0.00221
  10.60200   2.95921  21.03500   4.18138  11.04101   7.64279   0.49214 2.63102e-04   0.29155   4.88267   0.01150   0.01226   0.01704  11.50000   0.95762   0.00229
  10.60200   2.98575  21.03500   4.21888  10.95370   7.61625   0.49584 2.62757e-04   0.29519   4.94949   0.01156   0.01229   0.01703  12.50000   0.98291   0.00233
  10.60200   3.01229  21.03500   4.25638  10.86640   7.58971   0.49953 2.62399e-04   0.29885   4.74345   0.01191   0.01265   0.01705  13.50000   0.95376   0.00243
  10.60200   3.03883  21.03500   4.29389  10.77909   7.56317   0.50320 2.62027e-04   0.30254   4.67116   0.01218   0.01291   0.01708  14.50000   0.95095   0.00252
  10.60200   3.06537  21.03500   4.33139  10.69179   7.53663   0.50686 2.61641e-04   0.30626   4.64115   0.01242   0.01313   0.01707  15.50000   0.95663   0.00260
  10.60200   3.09191  21.03500   4.36889  10.60449   7.51009   0.51050 2.61240e-04   0.31000   4.57712   0.01265   0.01335   0.01706  16.50000   0.95534   0.00268
  10.60200   3.11845  21.03500   4.40639  10.51718   7.48355   0.51412 2.60824e-04   0.31377   4.38558   0.01314   0.01384   0.01711  17.50000   0.92674   0.00281
  10.60200   3.14499  21.03500   4.44389  10.42988   7.45701   0.51772 2.60393e-04   0.31757   4.43838   0.01327   0.01395   0.01708  18.50000   0.94985   0.00288
  10.60200   3.17153  21.03500   4.48139  10.34257   7.43047   0.52131 2.59947e-04   0.32139   4.26716   0.01372   0.01440   0.01710  19.50000   0.92479   0.00301
  10.60200   3.19807  21.03500   4.51889  10.25527   7.40393   0.52488 2.59485e-04   0.32525   4.37054   0.01379   0.01444   0.01716  20.50000   0.95923   0.00306
  10.60200   3.22461  21.03500   4.55639  10.16796   7.37739   0.52844 2.59006e-04   0.32912   4.16813   0.01434   0.01499   0.01713  21.50000   0.92701   0.00322
  10.60200   2.93582  21.03500   4.14833  11.11795   7.66618   0.48886 2.63394e-04   0.28836   5.11530   0.00575   0.00682   0.01701  -9.50000   0.99232   0.00120
  10.60200   2.96826  21.03500   4.19417  11.01124   7.63374   0.49341 2.62986e-04   0.29279   4.98433   0.00584   0.00690   0.01704  -8.50000   0.98169   0.00123
  10.60200   3.00070  21.03500   4.24001  10.90453   7.60130   0.49792 2.62557e-04   0.29725   4.91648   0.00592   0.00697   0.01705  -7.50000   0.98305   0.00126
  10.60200   3.03314  21.03500   4.28585  10.79781   7.56886   0.50242 2.62108e-04   0.30175   4.86972   0.00598   0.00701   0.01705  -6.50000   0.98866   0.00129
  10.60200   3.06558  21.03500   4.33168  10.69110   7.53642   0.50689 2.61638e-04   0.30629   4.77421   0.00602   0.00705   0.01707  -5.50000   0.98415   0.00132
  10.60200   3.09802  21.03500   4.37752  10.58439   7.50398   0.51133 2.61145e-04   0.31087   4.70740   0.00608   0.00710   0.01705  -4.50000   0.98543   0.00135
  10.60200   3.13046  21.03500   4.42336  10.47767   7.47154   0.51575 2.60631e-04   0.31549   4.66431   0.00615   0.00715   0.01708  -3.50000   0.99145   0.00139
  10.60200   3.16290  21.03500   4.46920  10.37096   7.43910   0.52015 2.60094e-04   0.32015   4.55203   0.00622   0.00722   0.01709  -2.50000   0.98234   0.00142
  10.60200   3.19534  21.03500   4.51504  10.26425   7.40666   0.52452 2.59533e-04   0.32485   4.49844   0.00627   0.00726   0.01712  -1.50000   0.98601   0.00146
  10.60200   3.22778  21.03500   4.56087  10.15753   7.37422   0.52886 2.58948e-04   0.32959   4.35755   0.00643   0.00741   0.01714  -0.50000   0.97060   0.00151
  10.60200   3.26022  21.03500   4.60671  10.05082   7.34178   0.53318 2.58339e-04   0.33437   4.32237   0.00656   0.00751   0.01715   0.50000   0.97835   0.00156
  10.60200   3.29266  21.03500   4.65255   9.94411   7.30934   0.53748 2.57704e-04   0.33920   4.30391   0.00664   0.00756   0.01717   1.50000   0.99069   0.00161
  10.60200   3.32510  21.03500   4.69839   9.83740   7.27690   0.54175 2.57043e-04   0.34407   4.15365   0.00678   0.00771   0.01725   2.50000   0.97257   0.00167
  10.60200   3.35754  21.03500   4.74422   9.73068   7.24446   0.54599 2.56355e-04   0.34898   4.10094   0.00694   0.00784   0.01726   3.50000   0.97748   0.00173
  10.60200   3.38998  21.03500   4.79006   9.62397   7.21202   0.55021 2.55640e-04   0.35394   4.02478   0.00701   0.00790   0.01734   4.50000   0.97687   0.00178
  10.60200   3.42242  21.03500   4.83590   9.51726   7.17958   0.55441 2.54897e-04   0.35894   3.95512   0.00714   0.00802   0.01735   5.50000   0.97870   0.00185
  10.60200   3.45486  21.03500   4.88174   9.41054   7.14714   0.55858 2.54125e-04   0.36398   3.90274   0.00726   0.00812   0.01743   6.50000   0.98430   0.00191
  10.60200   3.48730  21.03500   4.92758   9.30383   7.11470   0.56272 2.53324e-04   0.36908   3.72062   0.00745   0.00832   0.01746   7.50000   0.95778   0.00200
  10.60200   3.51974  21.03500   4.97341   9.19712   7.08226   0.56684 2.52493e-04   0.37422   3.74316   0.00750   0.00833   0.01738   8.50000   0.98389   0.00205
  10.60200   3.55218  21.03500   5.01925   9.09040   7.04982   0.57093 2.51630e-04   0.37940   3.64156   0.00768   0.00850   0.01747   9.50000   0.97742   0.00214
  10.60200   3.58462  21.03500   5.06509   8.98369   7.01738   0.57500 2.50736e-04   0.38464   3.57226   0.00783   0.00863   0.01745  10.50000   0.97924   0.00222
  10.60200   3.61706  21.03500   5.11093   8.87698   6.98494   0.57904 2.49810e-04   0.38992   3.49311   0.00801   0.00880   0.01755  11.50000   0.97819   0.00232
  10.60200   3.64950  21.03500   5.15677   8.77027   6.95250   0.58305 2.48850e-04   0.39526   3.45239   0.00820   0.00896   0.01754  12.50000   0.98807   0.00242
  10.60200   3.68194  21.03500   5.20260   8.66355   6.92006   0.58704 2.47856e-04   0.40064   3.28773   0.00843   0.00920   0.01757  13.50000   0.96135   0.00254
  10.60200   3.71438  21.03500   5.24844   8.55684   6.88762   0.59101 2.46826e-04   0.40607   3.28326   0.00858   0.00932   0.01760  14.50000   0.98120   0.00264
  10.60200   3.74682  21.03500   5.29428   8.45013   6.85518   0.59495 2.45762e-04   0.41156   3.22307   0.00881   0.00952   0.01763  15.50000   0.98469   0.00277
  10.60200   3.77926  21.03500   5.34012   8.34341   6.82274   0.59886 2.44660e-04   0.41709   3.18171   0.00896   0.00965   0.01767  16.50000   0.99413   0.00288
  10.60200   3.81170  21.03500   5.38596   8.23670   6.79030   0.60274 2.43521e-04   0.42268   3.08404   0.00922   0.00991   0.01773  17.50000   0.98585   0.00303
  10.60200   3.84414  21.03500   5.43179   8.12999   6.75786   0.60660 2.42343e-04   0.42833   3.00986   0.00952   0.01020   0.01782  18.50000   0.98474   0.00319
  10.60200   3.87658  21.03500   5.47763   8.02327   6.72542   0.61044 2.41126e-04   0.43402   2.92621   0.00978   0.01044   0.01781  19.50000   0.98134   0.00336
  10.60200   3.90902  21.03500   5.52347   7.91656   6.69298   0.61425 2.39869e-04   0.43978   2.83229   0.01010   0.01074   0.01796  20.50000   0.97335   0.00355
  10.60200   3.94146  21.03500   5.56931   7.80985   6.66054   0.61803 2.38570e-04   0.44559   2.77328   0.01035   0.01098   0.01792  21.50000   0.97854   0.00373
  10.60200   3.55846  21.03500   5.02813   9.06975   7.04354   0.57172 2.51460e-04   0.38041   3.67395   0.00439   0.00572   0.01747  -9.50000   0.99014   0.00133
  10.60200   3.59778  21.03500   5.08369   8.94040   7.00422   0.57664 2.50364e-04   0.38678   3.52358   0.00446   0.00580   0.01750  -8.50000   0.97418   0.00138
  10.60200   3.63710  21.03500   5.13924   8.81106   6.96490   0.58152 2.49221e-04   0.39321   3.48451   0.00451   0.00581   0.01757  -7.50000   0.98889   0.00143
  10.60200   3.67642  21.03500   5.19480   8.68171   6.92558   0.58637 2.48027e-04   0.39972   3.40275   0.00458   0.00586   0.01757  -6.50000   0.99121   0.00148
  10.60200   3.71574  21.03500   5.25036   8.55237   6.88626   0.59117 2.46783e-04   0.40630   3.29642   0.00464   0.00592   0.01761  -5.50000   0.98603   0.00154
  10.60200   3.75506  21.03500   5.30592   8.42302   6.84694   0.59594 2.45485e-04   0.41296   3.21720   0.00471   0.00597   0.01766  -4.50000   0.98841   0.00160
  10.60200   3.79438  21.03500   5.36148   8.29368   6.80762   0.60067 2.44134e-04   0.41969   3.16432   0.00476   0.00599   0.01767  -3.50000   0.99932   0.00166
  10.60200   3.83370  21.03500   5.41704   8.16433   6.76830   0.60536 2.42726e-04   0.42650   3.04277   0.00485   0.00607   0.01775  -2.50000   0.98841   0.00173
  10.60200   3.87302  21.03500   5.47260   8.03499   6.72898   0.61002 2.41262e-04   0.43340   2.94035   0.00495   0.00616   0.01787  -1.50000   0.98338   0.00181
  10.60200   3.91234  21.03500   5.52816   7.90564   6.68966   0.61463 2.39738e-04   0.44037   2.83579   0.00507   0.00626   0.01805  -0.50000   0.97694   0.00190
  10.60200   3.95166  21.03500   5.58372   7.77629   6.65034   0.61921 2.38153e-04   0.44743   2.74993   0.00521   0.00637   0.01810   0.50000   0.97791   0.00201
  10.60200   3.99098  21.03500   5.63928   7.64695   6.61102   0.62375 2.36505e-04   0.45457   2.71228   0.00529   0.00641   0.01809   1.50000   0.99705   0.00210
  10.60200   4.03030  21.03500   5.69484   7.51761   6.57170   0.62825 2.34794e-04   0.46179   2.61584   0.00542   0.00652   0.01815   2.50000   0.99453   0.00222
  10.60200   4.06962  21.03500   5.75040   7.38826   6.53238   0.63272 2.33016e-04   0.46910   2.51715   0.00557   0.00665   0.01827   3.50000   0.99075   0.00235
  10.60200   4.10894  21.03500   5.80596   7.25892   6.49306   0.63714 2.31169e-04   0.47650   2.44904   0.00568   0.00673   0.01825   4.50000   0.99823   0.00248
  10.60200   4.14826  21.03500   5.86152   7.12957   6.45374   0.64153 2.29253e-04   0.48399   2.38140   0.00580   0.00682   0.01835   5.50000   1.00588   0.00261
  10.60200   4.18758  21.03500   5.91708   7.00022   6.41442   0.64588 2.27265e-04   0.49158   2.25606   0.00600   0.00702   0.01841   6.50000   0.98786   0.00279
  10.60200   4.22690  21.03500   5.97264   6.87088   6.37510   0.65019 2.25202e-04   0.49925   2.16447   0.00618   0.00717   0.01861   7.50000   0.98317   0.00297
  10.60200   4.26622  21.03500   6.02820   6.74153   6.33578   0.65446 2.23064e-04   0.50702   2.09531   0.00634   0.00730   0.01866   8.50000   0.98876   0.00316
  10.60200   4.30554  21.03500   6.08375   6.61219   6.29646   0.65869 2.20847e-04   0.51489   2.04617   0.00647   0.00740   0.01884   9.50000   1.00449   0.00335
  10.60200   4.34486  21.03500   6.13931   6.48284   6.25714   0.66289 2.18550e-04   0.52286   1.93790   0.00670   0.00761   0.01899  10.50000   0.99152   0.00360
  10.60200   4.38418  21.03500   6.19487   6.35350   6.21782   0.66704 2.16170e-04   0.53093   1.84397   0.00695   0.00784   0.01910  11.50000   0.98440   0.00388
  10.60200   4.42350  21.03500   6.25043   6.22415   6.17850   0.67116 2.13704e-04   0.53910   1.78435   0.00718   0.00803   0.01926  12.50000   0.99564   0.00418
  10.60200   4.46282  21.03500   6.30599   6.09481   6.13918   0.67524 2.11152e-04   0.54737   1.71064   0.00738   0.00821   0.01926  13.50000   0.99878   0.00449
  10.60200   4.50214  21.03500   6.36155   5.96546   6.09986   0.67929 2.08510e-04   0.55576   1.60638   0.00775   0.00856   0.01942  14.50000   0.98172   0.00491
  10.60200   4.54146  21.03500   6.41711   5.83612   6.06054   0.68329 2.05775e-04   0.56425   1.55074   0.00800   0.00877   0.01963  15.50000   0.99298   0.00530
  10.60200   4.58078  21.03500   6.47267   5.70677   6.02122   0.68726 2.02946e-04   0.57285   1.47906   0.00829   0.00904   0.01975  16.50000   0.99402   0.00576
  10.60200   4.62010  21.03500   6.52823   5.57743   5.98190   0.69118 2.00020e-04   0.58156   1.41861   0.00860   0.00932   0.01998  17.50000   1.00192   0.00626
  10.60200   4.65942  21.03500   6.58379   5.44808   5.94258   0.69508 1.96994e-04   0.59039   1.35661   0.00894   0.00963   0.02016  18.50000   1.00927   0.00684
  10.60200   4.69874  21.03500   6.63935   5.31874   5.90326   0.69893 1.93865e-04   0.59934   1.27675   0.00933   0.01000   0.02035  19.50000   1.00258   0.00752
  10.60200   4.73806  21.03500   6.69491   5.18939   5.86394   0.70274 1.90630e-04   0.60841   1.21157   0.00972   0.01037   0.02052  20.50000   1.00578   0.00827
  10.60200   4.77738  21.03500   6.75047   5.06005   5.82462   0.70652 1.87288e-04   0.61760   1.14272   0.01019   0.01081   0.02075  21.50000   1.00392   0.00916
  10.60200   4.53677  21.03500   6.41048   5.85156   6.06523   0.68281 2.06107e-04   0.56323   1.60796   0.00281   0.00416   0.01949  -9.50000   1.02396   0.00226
  10.60200   4.58689  21.03500   6.48131   5.68666   6.01511   0.68787 2.02498e-04   0.57420   1.50541   0.00287   0.00421   0.01978  -8.50000   1.01946   0.00243
  10.60200   4.63702  21.03500   6.55214   5.52175   5.96498   0.69286 1.98730e-04   0.58535   1.41456   0.00294   0.00425   0.02007  -7.50000   1.02186   0.00263
  10.60200   4.68716  21.03500   6.62298   5.35685   5.91484   0.69780 1.94797e-04   0.59669   1.33154   0.00301   0.00429   0.02032  -6.50000   1.02914   0.00286
  10.60200   4.73729  21.03500   6.69381   5.19194   5.86471   0.70267 1.90695e-04   0.60823   1.24303   0.00308   0.00433   0.02053  -5.50000   1.03076   0.00311
  10.60200   4.78741  21.03500   6.76465   5.02704   5.81459   0.70748 1.86417e-04   0.61997   1.15393   0.00316   0.00439   0.02075  -4.50000   1.02878   0.00341
  10.60200   4.83754  21.03500   6.83548   4.86213   5.76446   0.71223 1.81958e-04   0.63191   1.07823   0.00325   0.00445   0.02113  -3.50000   1.03581   0.00374
  10.60200   4.88768  21.03500   6.90632   4.69722   5.71432   0.71691 1.77310e-04   0.64405   0.98929   0.00336   0.00453   0.02146  -2.50000   1.02768   0.00413
  10.60200   4.93781  21.03500   6.97715   4.53232   5.66419   0.72154 1.72469e-04   0.65642   0.90622   0.00348   0.00463   0.02188  -1.50000   1.02164   0.00460
  10.60200   4.98794  21.03500   7.04798   4.36741   5.61406   0.72611 1.67426e-04   0.66900   0.82468   0.00362   0.00475   0.02228  -0.50000   1.01341   0.00516
  10.60200   5.03806  21.03500   7.11882   4.20251   5.56394   0.73061 1.62177e-04   0.68182   0.76008   0.00380   0.00487   0.02277   0.50000   1.02110   0.00584
  10.60200   5.08819  21.03500   7.18965   4.03761   5.51381   0.73506 1.56713e-04   0.69486   0.69915   0.00396   0.00498   0.02331   1.50000   1.03176   0.00662
  10.60200   5.13832  21.03500   7.26048   3.87270   5.46368   0.73944 1.51028e-04   0.70814   0.63214   0.00416   0.00514   0.02393   2.50000   1.02970   0.00759
  10.60200   5.18845  21.03500   7.33132   3.70780   5.41355   0.74377 1.45114e-04   0.72167   0.56972   0.00438   0.00532   0.02453   3.50000   1.03068   0.00879
  10.60200   5.23858  21.03500   7.40215   3.54289   5.36342   0.74804 1.38964e-04   0.73546   0.50431   0.00463   0.00554   0.02502   4.50000   1.01761   0.01026
  10.60200   5.28871  21.03500   7.47299   3.37798   5.31329   0.75224 1.32571e-04   0.74950   0.45743   0.00488   0.00574   0.02559   5.50000   1.03373   0.01200
  10.60200   5.33885  21.03500   7.54382   3.21308   5.26315   0.75639 1.25926e-04   0.76381   0.40413   0.00519   0.00601   0.02620   6.50000   1.02622   0.01422
  10.60200   5.38898  21.03500   7.61466   3.04817   5.21302   0.76048 1.19022e-04   0.77840   0.35408   0.00555   0.00632   0.02725   7.50000   1.01491   0.01699
  10.60200   5.43911  21.03500   7.68549   2.88327   5.16289   0.76451 1.11851e-04   0.79327   0.31131   0.00595   0.00668   0.02902   8.50000   1.01818   0.02063
  10.60200   5.48923  21.03500   7.75632   2.71836   5.11277   0.76848 1.04403e-04   0.80843   0.26740   0.00641   0.00709   0.03044   9.50000   1.01362   0.02554
  10.60200   5.53937  21.03500   7.82716   2.55346   5.06263   0.77240 9.66705e-05   0.82389   0.22986   0.00690   0.00754   0.03123  10.50000   1.01517   0.03184
  10.60200   5.58950  21.03500   7.89799   2.38855   5.01250   0.77626 8.86446e-05   0.83966   0.19438   0.00755   0.00815   0.03267  11.50000   1.00846   0.04066
  10.60200   5.63963  21.03500   7.96883   2.22365   4.96237   0.78006 8.03162e-05   0.85575   0.16300   0.00829   0.00883   0.03499  12.50000   1.00521   0.05271
  10.60200   5.68975  21.03500   8.03966   2.05874   4.91225   0.78380 7.16761e-05   0.87217   0.13341   0.00906   0.00957   0.03732  13.50000   0.99791   0.06956
  10.60200   5.73988  21.03500   8.11049   1.89384   4.86212   0.78748 6.27149e-05   0.88892   0.10756   0.01004   0.01050   0.03959  14.50000   0.99559   0.09491
  10.60200   5.79001  21.03500   8.18133   1.72893   4.81199   0.79111 5.34229e-05   0.90603   0.08351   0.01130   0.01172   0.04027  15.50000   0.96943   0.13344
  10.60200   5.84014  21.03500   8.25216   1.56403   4.76186   0.79469 4.37903e-05   0.92349   0.06351   0.01284   0.01323   0.03976  16.50000   0.92827   0.19018
  10.60200   5.89028  21.03500   8.32299   1.39912   4.71172   0.79821 3.38070e-05   0.94133   0.04952   0.01455   0.01491   0.03706  17.50000   0.90281   0.26814
  10.60200   5.94040  21.03500   8.39383   1.23422   4.66160   0.80167 2.34631e-05   0.95955   0.03975   0.01656   0.01689 -25.16037  18.50000   0.87441   0.36736
  10.60200   2.40187  21.03500   3.39386  12.87441   8.20013   0.41072 2.67663e-04   0.22055   6.23566   0.00862   0.00961   0.01693  -9.50000   0.96842   0.00138
  10.60200   2.42841  21.03500   3.43136  12.78710   8.17359   0.41475 2.67545e-04   0.22371   6.05568   0.00876   0.00976   0.01693  -8.50000   0.94926   0.00141
  10.60200   2.45495  21.03500   3.46886  12.69980   8.14705   0.41877 2.67418e-04   0.22690   5.99174   0.00888   0.00988   0.01690  -7.50000   0.94833   0.00145
  10.60200   2.48149  21.03500   3.50636  12.61249   8.12051   0.42277 2.67282e-04   0.23010   6.00986   0.00892   0.00989   0.01693  -6.50000   0.96086   0.00147
  10.60200   2.50803  21.03500   3.54386  12.52519   8.09397   0.42675 2.67137e-04   0.23332   5.98435   0.00897   0.00993   0.01692  -5.50000   0.96603   0.00149
  10.60200   2.53457  21.03500   3.58136  12.43788   8.06743   0.43072 2.66984e-04   0.23657   6.03694   0.00897   0.00990   0.01692  -4.50000   0.98428   0.00150
  10.60200   2.56111  21.03500   3.61886  12.35058   8.04089   0.43468 2.66821e-04   0.23983   5.92511   0.00911   0.01004   0.01693  -3.50000   0.97582   0.00154
  10.60200   2.58765  21.03500   3.65637  12.26327   8.01435   0.43862 2.66648e-04   0.24312   5.75590   0.00926   0.01020   0.01692  -2.50000   0.95735   0.00158
  10.60200   2.61419  21.03500   3.69387  12.17597   7.98781   0.44254 2.66466e-04   0.24643   5.71588   0.00934   0.01026   0.01697  -1.50000   0.96148   0.00161
  10.60200   2.64073  21.03500   3.73137  12.08866   7.96127   0.44645 2.66274e-04   0.24976   5.70926   0.00941   0.01032   0.01695  -0.50000   0.97060   0.00164
  10.60200   2.66727  21.03500   3.76887  12.00136   7.93473   0.45034 2.66072e-04   0.25312   5.65882   0.00959   0.01047   0.01696   0.50000   0.97247   0.00169
  10.60200   2.69381  21.03500   3.80637  11.91406   7.90819   0.45422 2.65859e-04   0.25649   5.56299   0.00979   0.01066   0.01693   1.50000   0.96690   0.00174
  10.60200   2.72035  21.03500   3.84387  11.82675   7.88165   0.45809 2.65635e-04   0.25989   5.61123   0.00984   0.01068   0.01706   2.50000   0.98622   0.00177
  10.60200   2.74689  21.03500   3.88137  11.73945   7.85511   0.46193 2.65401e-04   0.26331   5.42339   0.01012   0.01097   0.01704   3.50000   0.96415   0.00184
  10.60200   2.77343  21.03500   3.91887  11.65214   7.82857   0.46577 2.65155e-04   0.26676   5.29422   0.01030   0.01115   0.01702   4.50000   0.95234   0.00189
  10.60200   2.79997  21.03500   3.95637  11.56484   7.80203   0.46958 2.64898e-04   0.27023   5.42048   0.01028   0.01109   0.01700   5.50000   0.98705   0.00191
  10.60200   2.82651  21.03500   3.99388  11.47753   7.77549   0.47338 2.64630e-04   0.27372   5.22905   0.01055   0.01137   0.01699   6.50000   0.96405   0.00198
  10.60200   2.85305  21.03500   4.03138  11.39023   7.74895   0.47717 2.64349e-04   0.27724   5.22558   0.01064   0.01144   0.01700   7.50000   0.97513   0.00202
  10.60200   2.87959  21.03500   4.06888  11.30292   7.72241   0.48093 2.64056e-04   0.28078   5.13277   0.01085   0.01164   0.01701   8.50000   0.96980   0.00209
  10.60200   2.90613  21.03500   4.10638  11.21562   7.69587   0.48469 2.63751e-04   0.28434   5.01377   0.01107   0.01186   0.01702   9.50000   0.95915   0.00216
  10.60200   2.93267  21.03500   4.14388  11.12831   7.66933   0.48842 2.63433e-04   0.28793   4.97379   0.01122   0.01199   0.01703  10.50000   0.96339   0.00221
  10.60200   2.95921  21.03500   4.18138  11.04101   7.64279   0.49214 2.63102e-04   0.29155   4.88267   0.01150   0.01226   0.01704  11.50000   0.95762   0.00229
  10.60200   2.98575  21.03500   4.21888  10.95370   7.61625   0.49584 2.62757e-04   0.29519   4.94949   0.01156   0.01229   0.01703  12.50000   0.98291   0.00233
  10.60200   3.01229  21.03500   4.25638  10.86640   7.58971   0.49953 2.62399e-04   0.29885   4.74345   0.01191   0.01265   0.01705  13.50000   0.95376   0.00243
  10.60200   3.03883  21.03500   4.29389  10.77909   7.56317   0.50320 2.62027e-04   0.30254   4.67116   0.01218   0.01291   0.01708  14.50000   0.95095   0.00252
  10.60200   3.06537  21.03500   4.33139  10.69179   7.53663   0.50686 2.61641e-04   0.30626   4.64115   0.01242   0.01313   0.01707  15.50000   0.95663   0.00260
  10.60200   3.09191  21.03500   4.36889  10.60449   7.51009   0.51050 2.61240e-04   0.31000   4.57712   0.01265   0.01335   0.01706  16.50000   0.95534   0.00268
  10.60200   3.11845  21.03500   4.40639  10.51718   7.48355   0.51412 2.60824e-04   0.31377   4.38558   0.01314   0.01384   0.01711  17.50000   0.92674   0.00281
  10.60200   3.14499  21.03500   4.44389  10.42988   7.45701   0.51772 2.60393e-04   0.31757   4.43838   0.01327   0.01395   0.01708  18.50000   0.94985   0.00288
  10.60200   3.17153  21.03500   4.48139  10.34257   7.43047   0.52131 2.59947e-04   0.32139   4.26716   0.01372   0.01440   0.01710  19.50000   0.92479   0.00301
  10.60200   3.19807  21.03500   4.51889  10.25527   7.40393   0.52488 2.59485e-04   0.32525   4.37054   0.01379   0.01444   0.01716  20.50000   0.95923   0.00306
  10.60200   3.22461  21.03500   4.55639  10.16796   7.37739   0.52844 2.59006e-04   0.32912   4.16813   0.01434   0.01499   0.01713  21.50000   0.92701   0.00322
  10.60200   2.93582  21.03500   4.14833  11.11795   7.66618   0.48886 2.63394e-04   0.28836   5.11530   0.00575   0.00682   0.01701  -9.50000   0.99232   0.00120
  10.60200   2.96826  21.03500   4.19417  11.01124   7.63374   0.49341 2.62986e-04   0.29279   4.98433   0.00584   0.00690   0.01704  -8.50000   0.98169   0.00123
  10.60200   3.00070  21.03500   4.24001  10.90453   7.60130   0.49792 2.62557e-04   0.29725   4.91648   0.00592   0.00697   0.01705  -7.50000   0.98305   0.00126
  10.60200   3.03314  21.03500   4.28585  10.79781   7.56886   0.50242 2.62108e-04   0.30175   4.86972   0.00598   0.00701   0.01705  -6.50000   0.98866   0.00129
  10.60200   3.06558  21.03500   4.33168  10.69110   7.53642   0.50689 2.61638e-04   0.30629   4.77421   0.00602   0.00705   0.01707  -5.50000   0.98415   0.00132
  10.60200   3.09802  21.03500   4.37752  10.58439   7.50398   0.51133 2.61145e-04   0.31087   4.70740   0.00608   0.00710   0.01705  -4.50000   0.98543   0.00135
  10.60200   3.13046  21.03500   4.42336  10.47767   7.47154   0.51575 2.60631e-04   0.31549   4.66431   0.00615   0.00715   0.01708  -3.50000   0.99145   0.00139
  10.60200   3.16290  21.03500   4.46920  10.37096   7.43910   0.52015 2.60094e-04   0.32015   4.55203   0.00622   0.00722   0.01709  -2.50000   0.98234   0.00142
  10.60200   3.19534  21.03500   4.51504  10.26425   7.40666   0.52452 2.59533e-04   0.32485   4.49844   0.00627   0.00726   0.01712  -1.50000   0.98601   0.00146
  10.60200   3.22778  21.03500   4.56087  10.15753   7.37422   0.52886 2.58948e-04   0.32959   4.35755   0.00643   0.00741   0.01714  -0.50000   0.97060   0.00151
  10.60200   3.26022  21.03500   4.60671  10.05082   7.34178   0.53318 2.58339e-04   0.33437   4.32237   0.00656   0.00751   0.01715   0.50000   0.97835   0.00156
  10.60200   3.29266  21.03500   4.65255   9.94411   7.30934   0.53748 2.57704e-04   0.33920   4.30391   0.00664   0.00756   0.01717   1.50000   0.99069   0.00161
  10.60200   3.32510  21.03500   4.69839   9.83740   7.27690   0.54175 2.57043e-04   0.34407   4.15365   0.00678   0.00771   0.01725   2.50000   0.97257   0.00167
  10.60200   3.35754  21.03500   4.74422   9.73068   7.24446   0.54599 2.56355e-04   0.34898   4.10094   0.00694   0.00784   0.01726   3.50000   0.97748   0.00173
  10.60200   3.38998  21.03500   4.79006   9.62397   7.21202   0.55021 2.55640e-04   0.35394   4.02478   0.00701   0.00790   0.01734   4.50000   0.97687   0.00178
  10.60200   3.42242  21.03500   4.83590   9.51726   7.17958   0.55441 2.54897e-04   0.35894   3.95512   0.00714   0.00802   0.01735   5.50000   0.97870   0.00185
  10.60200   3.45486  21.03500   4.88174   9.41054   7.14714   0.55858 2.54125e-04   0.36398   3.90274   0.00726   0.00812   0.01743   6.50000   0.98430   0.00191
  10.60200   3.48730  21.03500   4.92758   9.30383   7.11470   0.56272 2.53324e-04   0.36908   3.72062   0.00745   0.00832   0.01746   7.50000   0.95778   0.00200
  10.60200   3.51974  21.03500   4.97341   9.19712   7.08226   0.56684 2.52493e-04   0.37422   3.74316   0.00750   0.00833   0.01738   8.50000   0.98389   0.00205
  10.60200   3.55218  21.03500   5.01925   9.09040   7.04982   0.57093 2.51630e-04   0.37940   3.64156   0.00768   0.00850   0.01747   9.50000   0.97742   0.00214
  10.60200   3.58462  21.03500   5.06509   8.98369   7.01738   0.57500 2.50736e-04   0.38464   3.57226   0.00783   0.00863   0.01745  10.50000   0.97924   0.00222
  10.60200   3.61706  21.03500   5.11093   8.87698   6.98494   0.57904 2.49810e-04   0.38992   3.49311   0.00801   0.00880   0.01755  11.50000   0.97819   0.00232
  10.60200   3.64950  21.03500   5.15677   8.77027   6.95250   0.58305 2.48850e-04   0.39526   3.45239   0.00820   0.00896   0.01754  12.50000   0.98807   0.00242
  10.60200   3.68194  21.03500   5.20260   8.66355   6.92006   0.58704 2.47856e-04   0.40064   3.28773   0.00843   0.00920   0.01757  13.50000   0.96135   0.00254
  10.60200   3.71438  21.03500   5.24844   8.55684   6.88762   0.59101 2.46826e-04   0.40607   3.28326   0.00858   0.00932   0.01760  14.50000   0.98120   0.00264
  10.60200   3.74682  21.03500   5.29428   8.45013   6.85518   0.59495 2.45762e-04   0.41156   3.22307   0.00881   0.00952   0.01763  15.50000   0.98469   0.00277
  10.60200   3.77926  21.03500   5.34012   8.34341   6.82274   0.59886 2.44660e-04   0.41709   3.18171   0.00896   0.00965   0.01767  16.50000   0.99413   0.00288
  10.60200   3.81170  21.03500   5.38596   8.23670   6.79030   0.60274 2.43521e-04   0.42268   3.08404   0.00922   0.00991   0.01773  17.50000   0.98585   0.00303
  10.60200   3.84414  21.03500   5.43179   8.12999   6.75786   0.60660 2.42343e-04   0.42833   3.00986   0.00952   0.01020   0.01782  18.50000   0.98474   0.00319
  10.60200   3.87658  21.03500   5.47763   8.02327   6.72542   0.61044 2.41126e-04   0.43402   2.92621   0.00978   0.01044   0.01781  19.50000   0.98134   0.00336
  10.60200   3.90902  21.03500   5.52347   7.91656   6.69298   0.61425 2.39869e-04   0.43978   2.83229   0.01010   0.01074   0.01796  20.50000   0.97335   0.00355
  10.60200   3.94146  21.03500   5.56931   7.80985   6.66054   0.61803 2.38570e-04   0.44559   2.77328   0.01035   0.01098   0.01792  21.50000   0.97854   0.00373
  10.60200   3.55846  21.03500   5.02813   9.06975   7.04354   0.57172 2.51460e-04   0.38041   3.67395   0.00439   0.00572   0.01747  -9.50000   0.99014   0.00133
  10.60200   3.59778  21.03500   5.08369   8.94040   7.00422   0.57664 2.50364e-04   0.38678   3.52358   0.00446   0.00580   0.01750  -8.50000   0.97418   0.00138
  10.60200   3.63710  21.03500   5.13924   8.81106   6.96490   0.58152 2.49221e-04   0.39321   3.48451   0.00451   0.00581   0.01757  -7.50000   0.98889   0.00143
  10.60200   3.67642  21.03500   5.19480   8.68171   6.92558   0.58637 2.48027e-04   0.39972   3.40275   0.00458   0.00586   0.01757  -6.50000   0.99121   0.00148
  10.60200   3.71574  21.03500   5.25036   8.55237   6.88626   0.59117 2.46783e-04   0.40630   3.29642   0.00464   0.00592   0.01761  -5.50000   0.98603   0.00154
  10.60200   3.75506  21.03500   5.30592   8.42302   6.84694   0.59594 2.45485e-04   0.41296   3.21720   0.00471   0.00597   0.01766  -4.50000   0.98841   0.00160
  10.60200   3.79438  21.03500   5.36148   8.29368   6.80762   0.60067 2.44134e-04   0.41969   3.16432   0.00476   0.00599   0.01767  -3.50000   0.99932   0.00166
  10.60200   3.83370  21.03500   5.41704   8.16433   6.76830   0.60536 2.42726e-04   0.42650   3.04277   0.00485   0.00607   0.01775  -2.50000   0.98841   0.00173
  10.60200   3.87302  21.03500   5.47260   8.03499   6.72898   0.61002 2.41262e-04   0.43340   2.94035   0.00495   0.00616   0.01787  -1.50000   0.98338   0.00181
  10.60200   3.91234  21.03500   5.52816   7.90564   6.68966   0.61463 2.39738e-04   0.44037   2.83579   0.00507   0.00626   0.01805  -0.50000   0.97694   0.00190
  10.60200   3.95166  21.03500   5.58372   7.77629   6.65034   0.61921 2.38153e-04   0.44743   2.74993   0.00521   0.00637   0.01810   0.50000   0.97791   0.00201
  10.60200   3.99098  21.03500   5.63928   7.64695   6.61102   0.62375 2.36505e-04   0.45457   2.71228   0.00529   0.00641   0.01809   1.50000   0.99705   0.00210
  10.60200   4.03030  21.03500   5.69484   7.51761   6.57170   0.62825 2.34794e-04   0.46179   2.61584   0.00542   0.00652   0.01815   2.50000   0.99453   0.00222
  10.60200   4.06962  21.03500   5.75040   7.38826   6.53238   0.63272 2.33016e-04   0.46910   2.51715   0.00557   0.00665   0.01827   3.50000   0.99075   0.00235
  10.60200   4.10894  21.03500   5.80596   7.25892   6.49306   0.63714 2.31169e-04   0.47650   2.44904   0.00568   0.00673   0.01825   4.50000   0.99823   0.00248
  10.60200   4.14826  21.03500   5.86152   7.12957   6.45374   0.64153 2.29253e-04   0.48399   2.38140   0.00580   0.00682   0.01835   5.50000   1.00588   0.00261
  10.60200   4.18758  21.03500   5.91708   7.00022   6.41442   0.64588 2.27265e-04   0.49158   2.25606   0.00600   0.00702   0.01841   6.50000   0.98786   0.00279
  10.60200   4.22690  21.03500   5.97264   6.87088   6.37510   0.65019 2.25202e-04   0.49925   2.16447   0.00618   0.00717   0.01861   7.50000   0.98317   0.00297
  10.60200   4.26622  21.03500   6.02820   6.74153   6.33578   0.65446 2.23064e-04   0.50702   2.09531   0.00634   0.00730   0.01866   8.50000   0.98876   0.00316
  10.60200   4.30554  21.03500   6.08375   6.61219   6.29646   0.65869 2.20847e-04   0.51489   2.04617   0.00647   0.00740   0.01884   9.50000   1.00449   0.00335
  10.60200   4.34486  21.03500   6.13931   6.48284   6.25714   0.66289 2.18550e-04   0.52286   1.93790   0.00670   0.00761   0.01899  10.50000   0.99152   0.00360
  10.60200   4.38418  21.03500   6.19487   6.35350   6.21782   0.66704 2.16170e-04   0.53093   1.84397   0.00695   0.00784   0.01910  11.50000   0.98440   0.00388
  10.60200   4.42350  21.03500   6.25043   6.22415   6.17850   0.67116 2.13704e-04   0.53910   1.78435   0.00718   0.00803   0.01926  12.50000   0.99564   0.00418
  10.60200   4.46282  21.03500   6.30599   6.09481   6.13918   0.67524 2.11152e-04   0.54737   1.71064   0.00738   0.00821   0.01926  13.50000   0.99878   0.00449
  10.60200   4.50214  21.03500   6.36155   5.96546   6.09986   0.67929 2.08510e-04   0.55576   1.60638   0.00775   0.00856   0.01942  14.50000   0.98172   0.00491
  10.60200   4.54146  21.03500   6.41711   5.83612   6.06054   0.68329 2.05775e-04   0.56425   1.55074   0.00800   0.00877   0.01963  15.50000   0.99298   0.00530
  10.60200   4.58078  21.03500   6.47267   5.70677   6.02122   0.68726 2.02946e-04   0.57285   1.47906   0.00829   0.00904   0.01975  16.50000   0.99402   0.00576
  10.60200   4.62010  21.03500   6.52823   5.57743   5.98190   0.69118 2.00020e-04   0.58156   1.41861   0.00860   0.00932   0.01998  17.50000   1.00192   0.00626
  10.60200   4.65942  21.03500   6.58379   5.44808   5.94258   0.69508 1.96994e-04   0.59039   1.35661   0.00894   0.00963   0.02016  18.50000   1.00927   0.00684
  10.60200   4.69874  21.03500   6.63935   5.31874   5.90326   0.69893 1.93865e-04   0.59934   1.27675   0.00933   0.01000   0.02035  19.50000   1.00258   0.00752
  10.60200   4.73806  21.03500   6.69491   5.18939   5.86394   0.70274 1.90630e-04   0.60841   1.21157   0.00972   0.01037   0.02052  20.50000   1.00578   0.00827
  10.60200   4.77738  21.03500   6.75047   5.06005   5.82462   0.70652 1.87288e-04   0.61760   1.14272   0.01019   0.01081   0.02075  21.50000   1.00392   0.00916
  10.60200   4.53677  21.03500   6.41048   5.85156   6.06523   0.68281 2.06107e-04   0.56323   1.60796   0.00281   0.00416   0.01949  -9.50000   1.02396   0.00226
  10.60200   4.58689  21.03500   6.48131   5.68666   6.01511   0.68787 2.02498e-04   0.57420   1.50541   0.00287   0.00421   0.01978  -8.50000   1.01946   0.00243
  10.60200   4.63702  21.03500   6.55214   5.52175   5.96498   0.69286 1.98730e-04   0.58535   1.41456   0.00294   0.00425   0.02007  -7.50000   1.02186   0.00263
  10.60200   4.68716  21.03500   6.62298   5.35685   5.91484   0.69780 1.94797e-04   0.59669   1.33154   0.00301   0.00429   0.02032  -6.50000   1.02914   0.00286
  10.60200   4.73729  21.03500   6.69381   5.19194   5.86471   0.70267 1.90695e-04   0.60823   1.24303   0.00308   0.00433   0.02053  -5.50000   1.03076   0.00311
  10.60200   4.78741  21.03500   6.76465   5.02704   5.81459   0.70748 1.86417e-04   0.61997   1.15393   0.00316   0.00439   0.02075  -4.50000   1.02878   0.00341
  10.60200   4.83754  21.03500   6.83548   4.86213   5.76446   0.71223 1.81958e-04   0.63191   1.07823   0.00325   0.00445   0.02113  -3.50000   1.03581   0.00374
  10.60200   4.88768  21.03500   6.90632   4.69722   5.71432   0.71691 1.77310e-04   0.64405   0.98929   0.00336   0.00453   0.02146  -2.50000   1.02768   0.00413
  10.60200   4.93781  21.03500   6.97715   4.53232   5.66419   0.72154 1.72469e-04   0.65642   0.90622   0.00348   0.00463   0.02188  -1.50000   1.02164   0.00460
  10.60200   4.98794  21.03500   7.04798   4.36741   5.61406   0.72611 1.67426e-04   0.66900   0.82468   0.00362   0.00475   0.02228  -0.50000   1.01341   0.00516
  10.60200   5.03806  21.03500   7.11882   4.20251   5.56394   0.73061 1.62177e-04   0.68182   0.76008   0.00380   0.00487   0.02277   0.50000   1.02110   0.00584
  10.60200   5.08819  21.03500   7.18965   4.03761   5.51381   0.73506 1.56713e-04   0.69486   0.69915   0.00396   0.00498   0.02331   1.50000   1.03176   0.00662
  10.60200   5.13832  21.03500   7.26048   3.87270   5.46368   0.73944 1.51028e-04   0.70814   0.63214   0.00416   0.00514   0.02393   2.50000   1.02970   0.00759
  10.60200   5.18845  21.03500   7.33132   3.70780   5.41355   0.74377 1.45114e-04   0.72167   0.56972   0.00438   0.00532   0.02453   3.50000   1.03068   0.00879
  10.60200   5.23858  21.03500   7.40215   3.54289   5.36342   0.74804 1.38964e-04   0.73546   0.50431   0.00463   0.00554   0.02502   4.50000   1.01761   0.01026
  10.60200   5.28871  21.03500   7.47299   3.37798   5.31329   0.75224 1.32571e-04   0.74950   0.45743   0.00488   0.00574   0.02559   5.50000   1.03373   0.01200
  10.60200   5.33885  21.03500   7.54382   3.21308   5.26315   0.75639 1.25926e-04   0.76381   0.40413   0.00519   0.00601   0.02620   6.50000   1.02622   0.01422
  10.60200   5.38898  21.03500   7.61466   3.04817   5.21302   0.76048 1.19022e-04   0.77840   0.35408   0.00555   0.00632   0.02725   7.50000   1.01491   0.01699
  10.60200   5.43911  21.03500   7.68549   2.88327   5.16289   0.76451 1.11851e-04   0.79327   0.31131   0.00595   0.00668   0.02902   8.50000   1.01818   0.02063
  10.60200   5.48923  21.03500   7.75632   2.71836   5.11277   0.76848 1.04403e-04   0.80843   0.26740   0.00641   0.00709   0.03044   9.50000   1.01362   0.02554
  10.60200   5.53937  21.03500   7.82716   2.55346   5.06263   0.77240 9.66705e-05   0.82389   0.22986   0.00690   0.00754   0.03123  10.50000   1.01517   0.03184
  10.60200   5.58950  21.03500   7.89799   2.38855   5.01250   0.77626 8.86446e-05   0.83966   0.19438   0.00755   0.00815   0.03267  11.50000   1.00846   0.04066
  10.60200   5.63963  21.03500   7.96883   2.22365   4.96237   0.78006 8.03162e-05   0.85575   0.16300   0.00829   0.00883   0.03499  12.50000   1.00521   0.05271
  10.60200   5.68975  21.03500   8.03966   2.05874   4.91225   0.78380 7.16761e-05   0.87217   0.13341   0.00906   0.00957   0.03732  13.50000   0.99791   0.06956
  10.60200   5.73988  21.03500   8.11049   1.89384   4.86212   0.78748 6.27149e-05   0.88892   0.10756   0.01004   0.01050   0.03959  14.50000   0.99559   0.09491
  10.60200   5.79001  21.03500   8.18133   1.72893   4.81199   0.79111 5.34229e-05   0.90603   0.08351   0.01130   0.01172   0.04027  15.50000   0.96943   0.13344
  10.60200   5.84014  21.03500   8.25216   1.56403   4.76186   0.79469 4.37903e-05   0.92349   0.06351   0.01284   0.01323   0.03976  16.50000   0.92827   0.19018
  10.60200   5.89028  21.03500   8.32299   1.39912   4.71172   0.79821 3.38070e-05   0.94133   0.04952   0.01455   0.01491   0.03706  17.50000   0.90281   0.26814
  10.60200   5.94040  21.03500   8.39383   1.23422   4.66160   0.80167 2.34631e-05   0.95955   0.03975   0.01656   0.01689 -25.16037  18.50000   0.87441   0.36736
  10.60200   2.40187  21.03500   3.39386  12.87441   8.20013   0.41072 2.67663e-04   0.22055   6.23566   0.00862   0.00961   0.01693  -9.50000   0.96842   0.00138
  10.60200   2.42841  21.03500   3.43136  12.78710   8.17359   0.41475 2.67545e-04   0.22371   6.05568   0.00876   0.00976   0.01693  -8.50000   0.94926   0.00141
  10.60200   2.45495  21.03500   3.46886  12.69980   8.14705   0.41877 2.67418e-04   0.22690   5.99174   0.00888   0.00988   0.01690  -7.50000   0.94833   0.00145
  10.60200   2.48149  21.03500   3.50636  12.61249   8.12051   0.42277 2.67282e-04   0.23010   6.00986   0.00892   0.00989   0.01693  -6.50000   0.96086   0.00147
  10.60200   2.50803  21.03500   3.54386  12.52519   8.09397   0.42675 2.67137e-04   0.23332   5.98435   0.00897   0.00993   0.01692  -5.50000   0.96603   0.00149
  10.60200   2.53457  21.03500   3.58136  12.43788   8.06743   0.43072 2.66984e-04   0.23657   6.03694   0.00897   0.00990   0.01692  -4.50000   0.98428   0.00150
  10.60200   2.56111  21.03500   3.61886  12.35058   8.04089   0.43468 2.66821e-04   0.23983   5.92511   0.00911   0.01004   0.01693  -3.50000   0.97582   0.00154
  10.60200   2.58765  21.03500   3.65637  12.26327   8.01435   0.43862 2.66648e-04   0.24312   5.75590   0.00926   0.01020   0.01692  -2.50000   0.95735   0.00158
  10.60200   2.61419  21.03500   3.69387  12.17597   7.98781   0.44254 2.66466e-04   0.24643   5.71588   0.00934   0.01026   0.01697  -1.50000   0.96148   0.00161
  10.60200   2.64073  21.03500   3.73137  12.08866   7.96127   0.44645 2.66274e-04   0.24976   5.70926   0.00941   0.01032   0.01695  -0.50000   0.97060   0.00164
  10.60200   2.66727  21.03500   3.76887  12.00136   7.93473   0.45034 2.66072e-04   0.25312   5.65882   0.00959   0.01047   0.01696   0.50000   0.97247   0.00169
  10.60200   2.69381  21.03500   3.80637  11.91406   7.90819   0.45422 2.65859e-04   0.25649   5.56299   0.00979   0.01066   0.01693   1.50000   0.96690   0.00174
  10.60200   2.72035  21.03500   3.84387  11.82675   7.88165   0.45809 2.65635e-04   0.25989   5.61123   0.00984   0.01068   0.01706   2.50000   0.98622   0.00177
  10.60200   2.74689  21.03500   3.88137  11.73945   7.85511   0.46193 2.65401e-04   0.26331   5.42339   0.01012   0.01097   0.01704   3.50000   0.96415   0.00184
  10.60200   2.77343  21.03500   3.91887  11.65214   7.82857   0.46577 2.65155e-04   0.26676   5.29422   0.01030   0.01115   0.01702   4.50000   0.95234   0.00189
  10.60200   2.79997  21.03500   3.95637  11.56484   7.80203   0.46958 2.64898e-04   0.27023   5.42048   0.01028   0.01109   0.01700   5.50000   0.98705   0.00191
  10.60200   2.82651  21.03500   3.99388  11.47753   7.77549   0.47338 2.64630e-04   0.27372   5.22905   0.01055   0.01137   0.01699   6.50000   0.96405   0.00198
  10.60200   2.85305  21.03500   4.03138  11.39023   7.74895   0.47717 2.64349e-04   0.27724   5.22558   0.01064   0.01144   0.01700   7.50000   0.97513   0.00202
  10.60200   2.87959  21.03500   4.06888  11.30292   7.72241   0.48093 2.64056e-04   0.28078   5.13277   0.01085   0.01164   0.01701   8.50000   0.96980   0.00209
  10.60200   2.90613  21.03500   4.10638  11.21562   7.69587   0.48469 2.63751e-04   0.28434   5.01377   0.01107   0.01186   0.01702   9.50000   0.95915   0.00216
  10.60200   2.93267  21.03500   4.14388  11.12831   7.66933   0.48842 2.63433e-04   0.28793   4.97379   0.01122   0.01199   0.01703  10.50000   0.96339   0.00221
  10.60200   2.95921  21.03500   4.18138  11.04101   7.64279   0.49214 2.63102e-04   0.29155   4.88267   0.01150   0.01226   0.01704  11.50000   0.95762   0.00229
  10.60200   2.98575  21.03500   4.21888  10.95370   7.61625   0.49584 2.62757e-04   0.29519   4.94949   0.01156   0.01229   0.01703  12.50000   0.98291   0.00233
  10.60200   3.01229  21.03500   4.25638  10.86640   7.58971   0.49953 2.62399e-04   0.29885   4.74345   0.01191   0.01265   0.01705  13.50000   0.95376   0.00243
  10.60200   3.03883  21.03500   4.29389  10.77909   7.56317   0.50320 2.62027e-04   0.30254   4.67116   0.01218   0.01291   0.01708  14.50000   0.95095   0.00252
  10.60200   3.06537  21.03500   4.33139  10.69179   7.53663   0.50686 2.61641e-04   0.30626   4.64115   0.01242   0.01313   0.01707  15.50000   0.95663   0.00260
  10.60200   3.09191  21.03500   4.36889  10.60449   7.51009   0.51050 2.61240e-04   0.31000   4.57712   0.01265   0.01335   0.01706  16.50000   0.95534   0.00268
  10.60200   3.11845  21.03500   4.40639  10.51718   7.48355   0.51412 2.60824e-04   0.31377   4.38558   0.01314   0.01384   0.01711  17.50000   0.92674   0.00281
  10.60200   3.14499  21.03500   4.44389  10.42988   7.45701   0.51772 2.60393e-04   0.31757   4.43838   0.01327   0.01395   0.01708  18.50000   0.94985   0.00288
  10.60200   3.17153  21.03500   4.48139  10.34257   7.43047   0.52131 2.59947e-04   0.32139   4.26716   0.01372   0.01440   0.01710  19.50000   0.92479   0.00301
  10.60200   3.19807  21.03500   4.51889  10.25527   7.40393   0.52488 2.59485e-04   0.32525   4.37054   0.01379   0.01444   0.01716  20.50000   0.95923   0.00306
  10.60200   3.22461  21.03500   4.55639  10.16796   7.37739   0.52844 2.59006e-04   0.32912   4.16813   0.01434   0.01499   0.01713  21.50000   0.92701   0.00322
  10.60200   2.93582  21.03500   4.14833  11.11795   7.66618   0.48886 2.63394e-04   0.28836   5.11965   0.00575   0.00681   0.01701  -9.50000   0.99316   0.00120
  10.60200   2.96826  21.03500   4.19417  11.01124   7.63374   0.49341 2.62986e-04   0.29279   4.98157   0.00584   0.00690   0.01704  -8.50000   0.98115   0.00123
  10.60200   3.00070  21.03500   4.24001  10.90453   7.60130   0.49792 2.62557e-04   0.29725   4.91550   0.00592   0.00697   0.01705  -7.50000   0.98285   0.00126
  10.60200   3.03314  21.03500   4.28585  10.79781   7.56886   0.50242 2.62108e-04   0.30175   4.87302   0.00598   0.00701   0.01705  -6.50000   0.98933   0.00129
  10.60200   3.06558  21.03500   4.33168  10.69110   7.53642   0.50689 2.61638e-04   0.30629   4.77676   0.00602   0.00705   0.01707  -5.50000   0.98467   0.00132
  10.60200   3.09802  21.03500   4.37752  10.58439   7.50398   0.51133 2.61145e-04   0.31087   4.70401   0.00609   0.00710   0.01705  -4.50000   0.98472   0.00135
  10.60200   3.13046  21.03500   4.42336  10.47767   7.47154   0.51575 2.60631e-04   0.31549   4.66522   0.00615   0.00715   0.01708  -3.50000   0.99164   0.00139
  10.60200   3.16290  21.03500   4.46920  10.37096   7.43910   0.52015 2.60094e-04   0.32015   4.55426   0.00622   0.00722   0.01709  -2.50000   0.98282   0.00142
  10.60200   3.19534  21.03500   4.51504  10.26425   7.40666   0.52452 2.59533e-04   0.32485   4.49457   0.00627   0.00726   0.01712  -1.50000   0.98516   0.00146
  10.60200   3.22778  21.03500   4.56087  10.15753   7.37422   0.52886 2.58948e-04   0.32959   4.36109   0.00643   0.00741   0.01714  -0.50000   0.97139   0.00151
  10.60200   3.26022  21.03500   4.60671  10.05082   7.34178   0.53318 2.58339e-04   0.33437   4.31963   0.00656   0.00751   0.01715   0.50000   0.97773   0.00156
  10.60200   3.29266  21.03500   4.65255   9.94411   7.30934   0.53748 2.57704e-04   0.33920   4.30390   0.00664   0.00757   0.01717   1.50000   0.99069   0.00161
  10.60200   3.32510  21.03500   4.69839   9.83740   7.27690   0.54175 2.57043e-04   0.34407   4.15525   0.00678   0.00771   0.01725   2.50000   0.97294   0.00167
  10.60200   3.35754  21.03500   4.74422   9.73068   7.24446   0.54599 2.56355e-04   0.34898   4.10081   0.00694   0.00784   0.01726   3.50000   0.97745   0.00173
  10.60200   3.38998  21.03500   4.79006   9.62397   7.21202   0.55021 2.55640e-04   0.35394   4.02440   0.00701   0.00790   0.01734   4.50000   0.97678   0.00178
  10.60200   3.42242  21.03500   4.83590   9.51726   7.17958   0.55441 2.54897e-04   0.35894   3.96013   0.00714   0.00802   0.01735   5.50000   0.97994   0.00185
  10.60200   3.45486  21.03500   4.88174   9.41054   7.14714   0.55858 2.54125e-04   0.36398   3.89448   0.00727   0.00813   0.01743   6.50000   0.98222   0.00191
  10.60200   3.48730  21.03500   4.92758   9.30383   7.11470   0.56272 2.53324e-04   0.36908   3.72391   0.00745   0.00832   0.01746   7.50000   0.95862   0.00200
  10.60200   3.51974  21.03500   4.97341   9.19712   7.08226   0.56684 2.52493e-04   0.37422   3.74171   0.00750   0.00833   0.01738   8.50000   0.98352   0.00205
  10.60200   3.55218  21.03500   5.01925   9.09040   7.04982   0.57093 2.51630e-04   0.37940   3.64216   0.00768   0.00850   0.01747   9.50000   0.97758   0.00214
  10.60200   3.58462  21.03500   5.06509   8.98369   7.01738   0.57500 2.50736e-04   0.38464   3.56758   0.00784   0.00864   0.01745  10.50000   0.97796   0.00223
  10.60200   3.61706  21.03500   5.11093   8.87698   6.98494   0.57904 2.49810e-04   0.38992   3.49682   0.00801   0.00879   0.01755  11.50000   0.97923   0.00232
  10.60200   3.64950  21.03500   5.15677   8.77027   6.95250   0.58305 2.48850e-04   0.39526   3.45043   0.00820   0.00897   0.01754  12.50000   0.98751   0.00243
  10.60200   3.68194  21.03500   5.20260   8.66355   6.92006   0.58704 2.47856e-04   0.40064   3.29153   0.00842   0.00919   0.01757  13.50000   0.96246   0.00254
  10.60200   3.71438  21.03500   5.24844   8.55684   6.88762   0.59101 2.46826e-04   0.40607   3.27729   0.00859   0.00933   0.01760  14.50000   0.97942   0.00265
  10.60200   3.74682  21.03500   5.29428   8.45013   6.85518   0.59495 2.45762e-04   0.41156   3.22773   0.00880   0.00952   0.01763  15.50000   0.98611   0.00277
  10.60200   3.77926  21.03500   5.34012   8.34341   6.82274   0.59886 2.44660e-04   0.41709   3.17987   0.00896   0.00966   0.01767  16.50000   0.99356   0.00288
  10.60200   3.81170  21.03500   5.38596   8.23670   6.79030   0.60274 2.43521e-04   0.42268   3.08340   0.00922   0.00991   0.01773  17.50000   0.98564   0.00303
  10.60200   3.84414  21.03500   5.43179   8.12999   6.75786   0.60660 2.42343e-04   0.42833   3.01392   0.00952   0.01019   0.01782  18.50000   0.98607   0.00319
  10.60200   3.87658  21.03500   5.47763   8.02327   6.72542   0.61044 2.41126e-04   0.43402   2.92496   0.00978   0.01044   0.01781  19.50000   0.98092   0.00336
  10.60200   3.90902  21.03500   5.52347   7.91656   6.69298   0.61425 2.39869e-04   0.43978   2.82597   0.01011   0.01076   0.01796  20.50000   0.97118   0.00355
  10.60200   3.94146  21.03500   5.56931   7.80985   6.66054   0.61803 2.38570e-04   0.44559   2.77472   0.01035   0.01098   0.01792  21.50000   0.97905   0.00373
  10.60200   3.55846  21.03500   5.02813   9.06975   7.04354   0.57172 2.51460e-04   0.38041   3.67395   0.00439   0.00572   0.01747  -9.50000   0.99014   0.00133
  10.60200   3.59778  21.03500   5.08369   8.94040   7.00422   0.57664 2.50364e-04   0.38678   3.52358   0.00446   0.00580   0.01750  -8.50000   0.97418   0.00138
  10.60200   3.63710  21.03500   5.13924   8.81106   6.96490   0.58152 2.49221e-04   0.39321   3.48451   0.00451   0.00581   0.01757  -7.50000   0.98889   0.00143
  10.60200   3.67642  21.03500   5.19480   8.68171   6.92558   0.58637 2.48027e-04   0.39972   3.40275   0.00458   0.00586   0.01757  -6.50000   0.99121   0.00148
  10.60200   3.71574  21.03500   5.25036   8.55237   6.88626   0.59117 2.46783e-04   0.40630   3.29642   0.00464   0.00592   0.01761  -5.50000   0.98603   0.00154
  10.60200   3.75506  21.03500   5.30592   8.42302   6.84694   0.59594 2.45485e-04   0.41296   3.21720   0.00471   0.00597   0.01766  -4.50000   0.98841   0.00160
  10.60200   3.79438  21.03500   5.36148   8.29368   6.80762   0.60067 2.44134e-04   0.41969   3.16432   0.00476   0.00599   0.01767  -3.50000   0.99932   0.00166
  10.60200   3.83370  21.03500   5.41704   8.16433   6.76830   0.60536 2.42726e-04   0.42650   3.04277   0.00485   0.00607   0.01775  -2.50000   0.98841   0.00173
  10.60200   3.87302  21.03500   5.47260   8.03499   6.72898   0.61002 2.41262e-04   0.43340   2.94035   0.00495   0.00616   0.01787  -1.50000   0.98338   0.00181
  10.60200   3.91234  21.03500   5.52816   7.90564   6.68966   0.61463 2.39738e-04   0.44037   2.83579   0.00507   0.00626   0.01805  -0.50000   0.97694   0.00190
  10.60200   3.95166  21.03500   5.58372   7.77629   6.65034   0.61921 2.38153e-04   0.44743   2.74993   0.00521   0.00637   0.01810   0.50000   0.97791   0.00201
  10.60200   3.99098  21.03500   5.63928   7.64695   6.61102   0.62375 2.36505e-04   0.45457   2.71228   0.00529   0.00641   0.01809   1.50000   0.99705   0.00210
  10.60200   4.03030  21.03500   5.69484   7.51761   6.57170   0.62825 2.34794e-04   0.46179   2.61584   0.00542   0.00652   0.01815   2.50000   0.99453   0.00222
  10.60200   4.06962  21.03500   5.75040   7.38826   6.53238   0.63272 2.33016e-04   0.46910   2.51715   0.00557   0.00665   0.01827   3.50000   0.99075   0.00235
  10.60200   4.10894  21.03500   5.80596   7.25892   6.49306   0.63714 2.31169e-04   0.47650   2.44904   0.00568   0.00673   0.01825   4.50000   0.99823   0.00248
  10.60200   4.14826  21.03500   5.86152   7.12957   6.45374   0.64153 2.29253e-04   0.48399   2.38140   0.00580   0.00682   0.01835   5.50000   1.00588   0.00261
  10.60200   4.18758  21.03500   5.91708   7.00022   6.41442   0.64588 2.27265e-04   0.49158   2.25606   0.00600   0.00702   0.01841   6.50000   0.98786   0.00279
  10.60200   4.22690  21.03500   5.97264   6.87088   6.37510   0.65019 2.25202e-04   0.49925   2.16447   0.00618   0.00717   0.01861   7.50000   0.98317   0.00297
  10.60200   4.26622  21.03500   6.02820   6.74153   6.33578   0.65446 2.23064e-04   0.50702   2.09531   0.00634   0.00730   0.01866   8.50000   0.98876   0.00316
  10.60200   4.30554  21.03500   6.08375   6.61219   6.29646   0.65869 2.20847e-04   0.51489   2.04617   0.00647   0.00740   0.01884   9.50000   1.00449   0.00335
  10.60200   4.34486  21.03500   6.13931   6.48284   6.25714   0.66289 2.18550e-04   0.52286   1.93790   0.00670   0.00761   0.01899  10.50000   0.99152   0.00360
  10.60200   4.38418  21.03500   6.19487   6.35350   6.21782   0.66704 2.16170e-04   0.53093   1.84397   0.00695   0.00784   0.01910  11.50000   0.98440   0.00388
  10.60200   4.42350  21.03500   6.25043   6.22415   6.17850   0.67116 2.13704e-04   0.53910   1.78435   0.00718   0.00803   0.01926  12.50000   0.99564   0.00418
  10.60200   4.46282  21.03500   6.30599   6.09481   6.13918   0.67524 2.11152e-04   0.54737   1.71064   0.00738   0.00821   0.01926  13.50000   0.99878   0.00449
  10.60200   4.50214  21.03500   6.36155   5.96546   6.09986   0.67929 2.08510e-04   0.55576   1.60638   0.00775   0.00856   0.01942  14.50000   0.98172   0.00491
  10.60200   4.54146  21.03500   6.41711   5.83612   6.06054   0.68329 2.05775e-04   0.56425   1.55074   0.00800   0.00877   0.01963  15.50000   0.99298   0.00530
  10.60200   4.58078  21.03500   6.47267   5.70677   6.02122   0.68726 2.02946e-04   0.57285   1.47906   0.00829   0.00904   0.01975  16.50000   0.99402   0.00576
  10.60200   4.62010  21.03500   6.52823   5.57743   5.98190   0.69118 2.00020e-04   0.58156   1.41861   0.00860   0.00932   0.01998  17.50000   1.00192   0.00626
  10.60200   4.65942  21.03500   6.58379   5.44808   5.94258   0.69508 1.96994e-04   0.59039   1.35661   0.00894   0.00963   0.02016  18.50000   1.00927   0.00684
  10.60200   4.69874  21.03500   6.63935   5.31874   5.90326   0.69893 1.93865e-04   0.59934   1.27675   0.00933   0.01000   0.02035  19.50000   1.00258   0.00752
  10.60200   4.73806  21.03500   6.69491   5.18939   5.86394   0.70274 1.90630e-04   0.60841   1.21157   0.00972   0.01037   0.02052  20.50000   1.00578   0.00827
  10.60200   4.77738  21.03500   6.75047   5.06005   5.82462   0.70652 1.87288e-04   0.61760   1.14272   0.01019   0.01081   0.02075  21.50000   1.00392   0.00916
  10.60200   4.53677  21.03500   6.41048   5.85156   6.06523   0.68281 2.06107e-04   0.56323   1.60796   0.00281   0.00416   0.01949  -9.50000   1.02396   0.00226
  10.60200   4.58689  21.03500   6.48131   5.68666   6.01511   0.68787 2.02498e-04   0.57420   1.50541   0.00287   0.00421   0.01978  -8.50000   1.01946   0.00243
  10.60200   4.63702  21.03500   6.55214   5.52175   5.96498   0.69286 1.98730e-04   0.58535   1.41456   0.00294   0.00425   0.02007  -7.50000   1.02186   0.00263
  10.60200   4.68716  21.03500   6.62298   5.35685   5.91484   0.69780 1.94797e-04   0.59669   1.33154   0.00301   0.00429   0.02032  -6.50000   1.02914   0.00286
  10.60200   4.73729  21.03500   6.69381   5.19194   5.86471   0.70267 1.90695e-04   0.60823   1.24303   0.00308   0.00433   0.02053  -5.50000   1.03076   0.00311
  10.60200   4.78741  21.03500   6.76465   5.02704   5.81459   0.70748 1.86417e-04   0.61997   1.15393   0.00316   0.00439   0.02075  -4.50000   1.02878   0.00341
  10.60200   4.83754  21.03500   6.83548   4.86213   5.76446   0.71223 1.81958e-04   0.63191   1.07823   0.00325   0.00445   0.02113  -3.50000   1.03581   0.00374
  10.60200   4.88768  21.03500   6.90632   4.69722   5.71432   0.71691 1.77310e-04   0.64405   0.98929   0.00336   0.00453   0.02146  -2.50000   1.02768   0.00413
  10.60200   4.93781  21.03500   6.97715   4.53232   5.66419   0.72154 1.72469e-04   0.65642   0.90622   0.00348   0.00463   0.02188  -1.50000   1.02164   0.00460
  10.60200   4.98794  21.03500   7.04798   4.36741   5.61406   0.72611 1.67426e-04   0.66900   0.82468   0.00362   0.00475   0.02228  -0.50000   1.01341   0.00516
  10.60200   5.03806  21.03500   7.11882   4.20251   5.56394   0.73061 1.62177e-04   0.68182   0.76008   0.00380   0.00487   0.02277   0.50000   1.02110   0.00584
  10.60200   5.08819  21.03500   7.18965   4.03761   5.51381   0.73506 1.56713e-04   0.69486   0.69915   0.00396   0.00498   0.02331   1.50000   1.03176   0.00662
  10.60200   5.13832  21.03500   7.26048   3.87270   5.46368   0.73944 1.51028e-04   0.70814   0.63214   0.00416   0.00514   0.02393   2.50000   1.02970   0.00759
  10.60200   5.18845  21.03500   7.33132   3.70780   5.41355   0.74377 1.45114e-04   0.72167   0.56972   0.00438   0.00532   0.02453   3.50000   1.03068   0.00879
  10.60200   5.23858  21.03500   7.40215   3.54289   5.36342   0.74804 1.38964e-04   0.73546   0.50431   0.00463   0.00554   0.02502   4.50000   1.01761   0.01026
  10.60200   5.28871  21.03500   7.47299   3.37798   5.31329   0.75224 1.32571e-04   0.74950   0.45743   0.00488   0.00574   0.02559   5.50000   1.03373   0.01200
  10.60200   5.33885  21.03500   7.54382   3.21308   5.26315   0.75639 1.25926e-04   0.76381   0.40413   0.00519   0.00601   0.02620   6.50000   1.02622   0.01422
  10.60200   5.38898  21.03500   7.61466   3.04817   5.21302   0.76048 1.19022e-04   0.77840   0.35408   0.00555   0.00632   0.02725   7.50000   1.01491   0.01699
  10.60200   5.43911  21.03500   7.68549   2.88327   5.16289   0.76451 1.11851e-04   0.79327   0.31131   0.00595   0.00668   0.02902   8.50000   1.01818   0.02063
  10.60200   5.48923  21.03500   7.75632   2.71836   5.11277   0.76848 1.04403e-04   0.80843   0.26740   0.00641   0.00709   0.03044   9.50000   1.01362   0.02554
  10.60200   5.53937  21.03500   7.82716   2.55346   5.06263   0.77240 9.66705e-05   0.82389   0.22986   0.00690   0.00754   0.03123  10.50000   1.01517   0.03184
  10.60200   5.58950  21.03500   7.89799   2.38855   5.01250   0.77626 8.86446e-05   0.83966   0.19438   0.00755   0.00815   0.03267  11.50000   1.00846   0.04066
  10.60200   5.63963  21.03500   7.96883   2.22365   4.96237   0.78006 8.03162e-05   0.85575   0.16300   0.00829   0.00883   0.03499  12.50000   1.00521   0.05271
  10.60200   5.68975  21.03500   8.03966   2.05874   4.91225   0.78380 7.16761e-05   0.87217   0.13341   0.00906   0.00957   0.03732  13.50000   0.99791   0.06956
  10.60200   5.73988  21.03500   8.11049   1.89384   4.86212   0.78748 6.27149e-05   0.88892   0.10756   0.01004   0.01050   0.03959  14.50000   0.99559   0.09491
  10.60200   5.79001  21.03500   8.18133   1.72893   4.81199   0.79111 5.34229e-05   0.90603   0.08351   0.01130   0.01172   0.04027  15.50000   0.96943   0.13344
  10.60200   5.84014  21.03500   8.25216   1.56403   4.76186   0.79469 4.37903e-05   0.92349   0.06351   0.01284   0.01323   0.03976  16.50000   0.92827   0.19018
  10.60200   5.89028  21.03500   8.32299   1.39912   4.71172   0.79821 3.38070e-05   0.94133   0.04952   0.01455   0.01491   0.03706  17.50000   0.90281   0.26814
  10.60200   5.94040  21.03500   8.39383   1.23422   4.66160   0.80167 2.34631e-05   0.95955   0.03975   0.01656   0.01689 -25.16037  18.50000   0.87441   0.36736
