  10.60200   3.11409  20.99500   4.38369  10.54807   7.48791   0.51362 2.62380e-04   0.31198   2.70812   0.00620   0.00726   0.01757  -5.50000   0.95850   0.00234
  10.60200   3.14700  20.99500   4.43003  10.43996   7.45500   0.51810 2.61855e-04   0.31666   2.65149   0.00627   0.00733   0.01755  -4.50000   0.95186   0.00239
  10.60200   3.17992  20.99500   4.47636  10.33186   7.42208   0.52255 2.61305e-04   0.32140   2.59515   0.00631   0.00737   0.01752  -3.50000   0.94516   0.00244
  10.60200   3.21283  20.99500   4.52270  10.22376   7.38917   0.52697 2.60731e-04   0.32617   2.57944   0.00634   0.00738   0.01750  -2.50000   0.95331   0.00249
  10.60200   3.24575  20.99500   4.56903  10.11566   7.35625   0.53136 2.60133e-04   0.33099   2.56075   0.00636   0.00740   0.01747  -1.50000   0.96061   0.00253
  10.60200   3.27866  20.99500   4.61536  10.00756   7.32334   0.53573 2.59508e-04   0.33584   2.50604   0.00643   0.00747   0.01747  -0.50000   0.95445   0.00260
  10.60200   3.31157  20.99500   4.66169   9.89947   7.29043   0.54008 2.58857e-04   0.34075   2.48482   0.00647   0.00749   0.01747   0.50000   0.96110   0.00265
  10.60200   3.34449  20.99500   4.70802   9.79138   7.25751   0.54440 2.58179e-04   0.34569   2.42515   0.00653   0.00755   0.01747   1.50000   0.95286   0.00272
  10.60200   3.37740  20.99500   4.75435   9.68329   7.22460   0.54869 2.57473e-04   0.35069   2.41224   0.00658   0.00758   0.01747   2.50000   0.96308   0.00278
  10.60200   3.41031  20.99500   4.80068   9.57521   7.19169   0.55296 2.56739e-04   0.35572   2.36851   0.00663   0.00762   0.01748   3.50000   0.96117   0.00284
  10.60200   3.44322  20.99500   4.84701   9.46712   7.15878   0.55720 2.55975e-04   0.36081   2.31399   0.00673   0.00772   0.01753   4.50000   0.95478   0.00293
  10.60200   3.47613  20.99500   4.89333   9.35904   7.12587   0.56141 2.55181e-04   0.36594   2.27307   0.00680   0.00778   0.01751   5.50000   0.95389   0.00301
  10.60200   3.50903  20.99500   4.93966   9.25096   7.09297   0.56560 2.54357e-04   0.37112   2.26346   0.00683   0.00780   0.01753   6.50000   0.96640   0.00307
  10.60200   3.54194  20.99500   4.98598   9.14289   7.06006   0.56976 2.53501e-04   0.37634   2.17897   0.00696   0.00793   0.01755   7.50000   0.94686   0.00318
  10.60200   3.57485  20.99500   5.03230   9.03482   7.02715   0.57389 2.52613e-04   0.38162   2.17106   0.00699   0.00794   0.01757   8.50000   0.96050   0.00325
  10.60200   3.77140  20.99500   5.30900   8.38927   6.83060   0.59804 2.46587e-04   0.41419   1.89567   0.00395   0.00589   0.01773  -5.50000   0.94125   0.00225
  10.60200   3.81126  20.99500   5.36510   8.25838   6.79074   0.60282 2.45204e-04   0.42102   1.85628   0.00399   0.00591   0.01779  -4.50000   0.94526   0.00233
  10.60200   3.85111  20.99500   5.42120   8.12749   6.75089   0.60756 2.43764e-04   0.42793   1.80713   0.00402   0.00593   0.01780  -3.50000   0.94440   0.00240
  10.60200   3.89097  20.99500   5.47731   7.99660   6.71103   0.61226 2.42263e-04   0.43493   1.77025   0.00405   0.00593   0.01789  -2.50000   0.95012   0.00248
  10.60200   3.93082  20.99500   5.53340   7.86572   6.67118   0.61692 2.40702e-04   0.44201   1.71639   0.00411   0.00598   0.01794  -1.50000   0.94680   0.00258
  10.60200   3.97067  20.99500   5.58950   7.73484   6.63133   0.62154 2.39077e-04   0.44917   1.66480   0.00417   0.00603   0.01799  -0.50000   0.94460   0.00268
  10.60200   4.01052  20.99500   5.64560   7.60396   6.59148   0.62613 2.37387e-04   0.45642   1.63120   0.00420   0.00603   0.01806   0.50000   0.95277   0.00278
  10.60200   4.05037  20.99500   5.70169   7.47309   6.55163   0.63067 2.35630e-04   0.46376   1.56155   0.00427   0.00611   0.01811   1.50000   0.93973   0.00290
  10.60200   4.09021  20.99500   5.75779   7.34222   6.51179   0.63517 2.33804e-04   0.47119   1.53386   0.00431   0.00611   0.01820   2.50000   0.95188   0.00301
  10.60200   4.13006  20.99500   5.81388   7.21136   6.47194   0.63964 2.31907e-04   0.47871   1.48060   0.00438   0.00616   0.01826   3.50000   0.94841   0.00314
  10.60200   4.16991  20.99500   5.86997   7.08050   6.43209   0.64406 2.29937e-04   0.48632   1.44428   0.00444   0.00619   0.01834   4.50000   0.95585   0.00328
  10.60200   4.20975  20.99500   5.92605   6.94964   6.39225   0.64845 2.27892e-04   0.49403   1.38782   0.00453   0.00627   0.01845   5.50000   0.94994   0.00345
  10.60200   4.24959  20.99500   5.98214   6.81879   6.35241   0.65280 2.25770e-04   0.50183   1.34219   0.00460   0.00632   0.01853   6.50000   0.95118   0.00362
  10.60200   4.28943  20.99500   6.03823   6.68794   6.31257   0.65710 2.23569e-04   0.50974   1.28260   0.00467   0.00639   0.01864   7.50000   0.94213   0.00380
  10.60200   4.32927  20.99500   6.09431   6.55709   6.27273   0.66137 2.21286e-04   0.51774   1.25145   0.00474   0.00641   0.01874   8.50000   0.95392   0.00399
  10.60200   4.23851  20.99500   5.96654   6.85519   6.36349   0.65159 2.26369e-04   0.49965   1.34833   0.00578   0.00694   0.01851  -5.50000   0.94623   0.00438
  10.60200   4.28329  20.99500   6.02958   6.70811   6.31871   0.65644 2.23914e-04   0.50851   1.30769   0.00585   0.00699   0.01864  -4.50000   0.95520   0.00461
  10.60200   4.32808  20.99500   6.09262   6.56103   6.27392   0.66124 2.21356e-04   0.51749   1.24477   0.00598   0.00711   0.01875  -3.50000   0.94775   0.00489
  10.60200   4.37286  20.99500   6.15566   6.41396   6.22914   0.66599 2.18692e-04   0.52661   1.19140   0.00608   0.00720   0.01888  -2.50000   0.94703   0.00518
  10.60200   4.41764  20.99500   6.21870   6.26689   6.18436   0.67070 2.15919e-04   0.53585   1.15066   0.00618   0.00726   0.01903  -1.50000   0.95639   0.00549
  10.60200   4.46241  20.99500   6.28173   6.11983   6.13959   0.67535 2.13034e-04   0.54523   1.09607   0.00631   0.00738   0.01917  -0.50000   0.95428   0.00586
  10.60200   4.50719  20.99500   6.34476   5.97277   6.09481   0.67995 2.10032e-04   0.55475   1.03869   0.00649   0.00755   0.01934   0.50000   0.94889   0.00631
  10.60200   4.55197  20.99500   6.40779   5.82572   6.05003   0.68450 2.06910e-04   0.56441   0.98850   0.00661   0.00764   0.01951   1.50000   0.94938   0.00673
  10.60200   4.59674  20.99500   6.47082   5.67867   6.00526   0.68901 2.03665e-04   0.57421   0.94006   0.00677   0.00778   0.01971   2.50000   0.95097   0.00725
  10.60200   4.64151  20.99500   6.53385   5.53163   5.96049   0.69346 2.00292e-04   0.58416   0.89309   0.00692   0.00791   0.01989   3.50000   0.95363   0.00780
  10.60200   4.68628  20.99500   6.59687   5.38459   5.91572   0.69786 1.96788e-04   0.59425   0.84529   0.00712   0.00808   0.02011   4.50000   0.95462   0.00846
  10.60200   4.73105  20.99500   6.65989   5.23755   5.87095   0.70222 1.93149e-04   0.60451   0.79258   0.00736   0.00830   0.02021   5.50000   0.94884   0.00924
  10.60200   4.77582  20.99500   6.72292   5.09052   5.82618   0.70653 1.89370e-04   0.61491   0.73358   0.00760   0.00853   0.02059   6.50000   0.93290   0.01011
  10.60200   4.82059  20.99500   6.78593   4.94350   5.78141   0.71078 1.85447e-04   0.62548   0.69823   0.00775   0.00865   0.02081   7.50000   0.94548   0.01096
  10.60200   4.86535  20.99500   6.84895   4.79648   5.73665   0.71499 1.81376e-04   0.63622   0.64417   0.00809   0.00897   0.02112   8.50000   0.93081   0.01217
  10.60200   4.79405  20.99500   6.74858   5.03065   5.80795   0.70827 1.87790e-04   0.61920   0.73102   0.00442   0.00586   0.02070  -5.50000   0.95346   0.00654
  10.60200   4.84470  20.99500   6.81987   4.86432   5.75730   0.71306 1.83273e-04   0.63125   0.67952   0.00456   0.00596   0.02100  -4.50000   0.95259   0.00720
  10.60200   4.89534  20.99500   6.89116   4.69800   5.70666   0.71779 1.78564e-04   0.64350   0.62808   0.00470   0.00607   0.02132  -3.50000   0.94918   0.00794
  10.60200   4.94598  20.99500   6.96244   4.53169   5.65602   0.72245 1.73656e-04   0.65598   0.57416   0.00488   0.00623   0.02168  -2.50000   0.93825   0.00885
  10.60200   4.99662  20.99500   7.03373   4.36538   5.60538   0.72705 1.68542e-04   0.66868   0.52935   0.00504   0.00636   0.02203  -1.50000   0.93865   0.00987
  10.60200   5.04725  20.99500   7.10501   4.19908   5.55475   0.73160 1.63216e-04   0.68162   0.48864   0.00522   0.00649   0.02251  -0.50000   0.94389   0.01106
  10.60200   5.09789  20.99500   7.17629   4.03278   5.50411   0.73608 1.57669e-04   0.69479   0.44065   0.00545   0.00670   0.02317   0.50000   0.93235   0.01257
  10.60200   5.14852  20.99500   7.24756   3.86649   5.45348   0.74050 1.51896e-04   0.70821   0.39999   0.00568   0.00689   0.02401   1.50000   0.93420   0.01438
  10.60200   5.19915  20.99500   7.31883   3.70021   5.40285   0.74485 1.45887e-04   0.72187   0.35322   0.00596   0.00714   0.02509   2.50000   0.92001   0.01671
  10.60200   5.24978  20.99500   7.39010   3.53393   5.35222   0.74915 1.39636e-04   0.73580   0.31281   0.00620   0.00734   0.02621   3.50000   0.91945   0.01951
  10.60200   5.30041  20.99500   7.46137   3.36766   5.30159   0.75339 1.33135e-04   0.74999   0.27205   0.00658   0.00767   0.02694   4.50000   0.91128   0.02341
  10.60200   5.35103  20.99500   7.53264   3.20139   5.25097   0.75756 1.26376e-04   0.76445   0.23516   0.00694   0.00801   0.02597   5.50000   0.89491   0.02789
  10.60200   5.40166  20.99500   7.60390   3.03513   5.20034   0.76168 1.19350e-04   0.77919   0.21531   0.00741   0.00845   0.02048   6.50000   0.87889   0.03177
  10.60200   5.45228  20.99500   7.67516   2.86888   5.14972   0.76574 1.12048e-04   0.79423   0.21401   0.00779   0.00878   0.02153   7.50000   0.87277   0.03319
  10.60200   5.50290  20.99500   7.74642   2.70263   5.09910   0.76973 1.04463e-04   0.80956   0.14993   0.00834   0.00929   0.05524   8.50000   0.86416   0.04999
  10.60200   5.39647  20.99500   7.59660   3.05215   5.20553   0.76126 1.20082e-04   0.77767   0.22933   0.00492   0.00621   0.02133  -5.50000   0.93470   0.02196
  10.60200   5.45347  20.99500   7.67683   2.86497   5.14853   0.76583 1.11873e-04   0.79458   0.23461   0.00515   0.00635   0.02223  -4.50000   0.96106   0.02294
  10.60200   5.51046  20.99500   7.75706   2.67779   5.09154   0.77033 1.03305e-04   0.81188   0.15646   0.00551   0.00667   0.05261  -3.50000   0.94877   0.03599
  10.60200   5.56745  20.99500   7.83729   2.49062   5.03455   0.77475 9.43633e-05   0.82956   0.11843   0.00597   0.00709   0.03043  -2.50000   0.92432   0.04970
  10.60200   5.62444  20.99500   7.91751   2.30346   4.97756   0.77909 8.50356e-05   0.84764   0.12937   0.00643   0.00747   0.02039  -1.50000   0.92843   0.04875
  10.60200   5.68143  20.99500   7.99773   2.11630   4.92057   0.78336 7.53084e-05   0.86615   0.09184   0.00702   0.00799   0.07875  -0.50000   0.92977   0.07449
  10.60200   5.73841  20.99500   8.07795   1.92915   4.86359   0.78756 6.51678e-05   0.88509   0.06256   0.00770   0.00860   0.04715   0.50000   0.92305   0.11822
  10.60200   5.79539  20.99500   8.15816   1.74201   4.80661   0.79168 5.45998e-05   0.90447   0.04268   0.00869   0.00953   0.05597   1.50000   0.90110   0.18949
  10.60200   5.85237  20.99500   8.23837   1.55488   4.74963   0.79574 4.35897e-05   0.92432   0.03151   0.00983   0.01059   0.03608   2.50000   0.89419   0.28617
  10.60200   5.90935  20.99500   8.31857   1.36776   4.69265   0.79972 3.21231e-05   0.94465   0.01443   0.01126   0.01194 -69.29382   3.50000   0.87486   0.69573
  10.60200   5.96632  20.99500   8.39878   1.18064   4.63568   0.80362 2.01845e-05   0.96548   0.00043   0.01328   0.01390-2335.57272   4.50000   0.84448  26.57536
  10.60200   3.11409  20.99500   4.38369  10.54807   7.48791   0.51362 2.62380e-04   0.31198   2.70812   0.00620   0.00726   0.01757  -5.50000   0.95850   0.00234
  10.60200   3.14700  20.99500   4.43003  10.43996   7.45500   0.51810 2.61855e-04   0.31666   2.65149   0.00627   0.00733   0.01755  -4.50000   0.95186   0.00239
  10.60200   3.17992  20.99500   4.47636  10.33186   7.42208   0.52255 2.61305e-04   0.32140   2.59515   0.00631   0.00737   0.01752  -3.50000   0.94516   0.00244
  10.60200   3.21283  20.99500   4.52270  10.22376   7.38917   0.52697 2.60731e-04   0.32617   2.57944   0.00634   0.00738   0.01750  -2.50000   0.95331   0.00249
  10.60200   3.24575  20.99500   4.56903  10.11566   7.35625   0.53136 2.60133e-04   0.33099   2.56075   0.00636   0.00740   0.01747  -1.50000   0.96061   0.00253
  10.60200   3.27866  20.99500   4.61536  10.00756   7.32334   0.53573 2.59508e-04   0.33584   2.50604   0.00643   0.00747   0.01747  -0.50000   0.95445   0.00260
  10.60200   3.31157  20.99500   4.66169   9.89947   7.29043   0.54008 2.58857e-04   0.34075   2.48482   0.00647   0.00749   0.01747   0.50000   0.96110   0.00265
  10.60200   3.34449  20.99500   4.70802   9.79138   7.25751   0.54440 2.58179e-04   0.34569   2.42515   0.00653   0.00755   0.01747   1.50000   0.95286   0.00272
  10.60200   3.37740  20.99500   4.75435   9.68329   7.22460   0.54869 2.57473e-04   0.35069   2.41224   0.00658   0.00758   0.01747   2.50000   0.96308   0.00278
  10.60200   3.41031  20.99500   4.80068   9.57521   7.19169   0.55296 2.56739e-04   0.35572   2.36851   0.00663   0.00762   0.01748   3.50000   0.96117   0.00284
  10.60200   3.44322  20.99500   4.84701   9.46712   7.15878   0.55720 2.55975e-04   0.36081   2.31399   0.00673   0.00772   0.01753   4.50000   0.95478   0.00293
  10.60200   3.47613  20.99500   4.89333   9.35904   7.12587   0.56141 2.55181e-04   0.36594   2.27307   0.00680   0.00778   0.01751   5.50000   0.95389   0.00301
  10.60200   3.50903  20.99500   4.93966   9.25096   7.09297   0.56560 2.54357e-04   0.37112   2.26346   0.00683   0.00780   0.01753   6.50000   0.96640   0.00307
  10.60200   3.54194  20.99500   4.98598   9.14289   7.06006   0.56976 2.53501e-04   0.37634   2.17897   0.00696   0.00793   0.01755   7.50000   0.94686   0.00318
  10.60200   3.57485  20.99500   5.03230   9.03482   7.02715   0.57389 2.52613e-04   0.38162   2.17106   0.00699   0.00794   0.01757   8.50000   0.96050   0.00325
  10.60200   3.77140  20.99500   5.30900   8.38927   6.83060   0.59804 2.46587e-04   0.41419   1.89567   0.00395   0.00589   0.01773  -5.50000   0.94125   0.00225
  10.60200   3.81126  20.99500   5.36510   8.25838   6.79074   0.60282 2.45204e-04   0.42102   1.85628   0.00399   0.00591   0.01779  -4.50000   0.94526   0.00233
  10.60200   3.85111  20.99500   5.42120   8.12749   6.75089   0.60756 2.43764e-04   0.42793   1.80713   0.00402   0.00593   0.01780  -3.50000   0.94440   0.00240
  10.60200   3.89097  20.99500   5.47731   7.99660   6.71103   0.61226 2.42263e-04   0.43493   1.77025   0.00405   0.00593   0.01789  -2.50000   0.95012   0.00248
  10.60200   3.93082  20.99500   5.53340   7.86572   6.67118   0.61692 2.40702e-04   0.44201   1.71639   0.00411   0.00598   0.01794  -1.50000   0.94680   0.00258
  10.60200   3.97067  20.99500   5.58950   7.73484   6.63133   0.62154 2.39077e-04   0.44917   1.66480   0.00417   0.00603   0.01799  -0.50000   0.94460   0.00268
  10.60200   4.01052  20.99500   5.64560   7.60396   6.59148   0.62613 2.37387e-04   0.45642   1.63120   0.00420   0.00603   0.01806   0.50000   0.95277   0.00278
  10.60200   4.05037  20.99500   5.70169   7.47309   6.55163   0.63067 2.35630e-04   0.46376   1.56155   0.00427   0.00611   0.01811   1.50000   0.93973   0.00290
  10.60200   4.09021  20.99500   5.75779   7.34222   6.51179   0.63517 2.33804e-04   0.47119   1.53386   0.00431   0.00611   0.01820   2.50000   0.95188   0.00301
  10.60200   4.13006  20.99500   5.81388   7.21136   6.47194   0.63964 2.31907e-04   0.47871   1.48060   0.00438   0.00616   0.01826   3.50000   0.94841   0.00314
  10.60200   4.16991  20.99500   5.86997   7.08050   6.43209   0.64406 2.29937e-04   0.48632   1.44428   0.00444   0.00619   0.01834   4.50000   0.95585   0.00328
  10.60200   4.20975  20.99500   5.92605   6.94964   6.39225   0.64845 2.27892e-04   0.49403   1.38782   0.00453   0.00627   0.01845   5.50000   0.94994   0.00345
  10.60200   4.24959  20.99500   5.98214   6.81879   6.35241   0.65280 2.25770e-04   0.50183   1.34219   0.00460   0.00632   0.01853   6.50000   0.95118   0.00362
  10.60200   4.28943  20.99500   6.03823   6.68794   6.31257   0.65710 2.23569e-04   0.50974   1.28260   0.00467   0.00639   0.01864   7.50000   0.94213   0.00380
  10.60200   4.32927  20.99500   6.09431   6.55709   6.27273   0.66137 2.21286e-04   0.51774   1.25145   0.00474   0.00641   0.01874   8.50000   0.95392   0.00399
  10.60200   4.23851  20.99500   5.96654   6.85519   6.36349   0.65159 2.26369e-04   0.49965   1.34833   0.00578   0.00694   0.01851  -5.50000   0.94623   0.00438
  10.60200   4.28329  20.99500   6.02958   6.70811   6.31871   0.65644 2.23914e-04   0.50851   1.30769   0.00585   0.00699   0.01864  -4.50000   0.95520   0.00461
  10.60200   4.32808  20.99500   6.09262   6.56103   6.27392   0.66124 2.21356e-04   0.51749   1.24477   0.00598   0.00711   0.01875  -3.50000   0.94775   0.00489
  10.60200   4.37286  20.99500   6.15566   6.41396   6.22914   0.66599 2.18692e-04   0.52661   1.19140   0.00608   0.00720   0.01888  -2.50000   0.94703   0.00518
  10.60200   4.41764  20.99500   6.21870   6.26689   6.18436   0.67070 2.15919e-04   0.53585   1.15066   0.00618   0.00726   0.01903  -1.50000   0.95639   0.00549
  10.60200   4.46241  20.99500   6.28173   6.11983   6.13959   0.67535 2.13034e-04   0.54523   1.09607   0.00631   0.00738   0.01917  -0.50000   0.95428   0.00586
  10.60200   4.50719  20.99500   6.34476   5.97277   6.09481   0.67995 2.10032e-04   0.55475   1.03869   0.00649   0.00755   0.01934   0.50000   0.94889   0.00631
  10.60200   4.55197  20.99500   6.40779   5.82572   6.05003   0.68450 2.06910e-04   0.56441   0.98850   0.00661   0.00764   0.01951   1.50000   0.94938   0.00673
  10.60200   4.59674  20.99500   6.47082   5.67867   6.00526   0.68901 2.03665e-04   0.57421   0.94006   0.00677   0.00778   0.01971   2.50000   0.95097   0.00725
  10.60200   4.64151  20.99500   6.53385   5.53163   5.96049   0.69346 2.00292e-04   0.58416   0.89309   0.00692   0.00791   0.01989   3.50000   0.95363   0.00780
  10.60200   4.68628  20.99500   6.59687   5.38459   5.91572   0.69786 1.96788e-04   0.59425   0.84529   0.00712   0.00808   0.02011   4.50000   0.95462   0.00846
  10.60200   4.73105  20.99500   6.65989   5.23755   5.87095   0.70222 1.93149e-04   0.60451   0.79258   0.00736   0.00830   0.02021   5.50000   0.94884   0.00924
  10.60200   4.77582  20.99500   6.72292   5.09052   5.82618   0.70653 1.89370e-04   0.61491   0.73358   0.00760   0.00853   0.02059   6.50000   0.93290   0.01011
  10.60200   4.82059  20.99500   6.78593   4.94350   5.78141   0.71078 1.85447e-04   0.62548   0.69823   0.00775   0.00865   0.02081   7.50000   0.94548   0.01096
  10.60200   4.86535  20.99500   6.84895   4.79648   5.73665   0.71499 1.81376e-04   0.63622   0.64417   0.00809   0.00897   0.02112   8.50000   0.93081   0.01217
  10.60200   4.79405  20.99500   6.74858   5.03065   5.80795   0.70827 1.87790e-04   0.61920   0.73102   0.00442   0.00586   0.02070  -5.50000   0.95346   0.00654
  10.60200   4.84470  20.99500   6.81987   4.86432   5.75730   0.71306 1.83273e-04   0.63125   0.67952   0.00456   0.00596   0.02100  -4.50000   0.95259   0.00720
  10.60200   4.89534  20.99500   6.89116   4.69800   5.70666   0.71779 1.78564e-04   0.64350   0.62808   0.00470   0.00607   0.02132  -3.50000   0.94918   0.00794
  10.60200   4.94598  20.99500   6.96244   4.53169   5.65602   0.72245 1.73656e-04   0.65598   0.57416   0.00488   0.00623   0.02168  -2.50000   0.93825   0.00885
  10.60200   4.99662  20.99500   7.03373   4.36538   5.60538   0.72705 1.68542e-04   0.66868   0.52935   0.00504   0.00636   0.02203  -1.50000   0.93865   0.00987
  10.60200   5.04725  20.99500   7.10501   4.19908   5.55475   0.73160 1.63216e-04   0.68162   0.48864   0.00522   0.00649   0.02251  -0.50000   0.94389   0.01106
  10.60200   5.09789  20.99500   7.17629   4.03278   5.50411   0.73608 1.57669e-04   0.69479   0.44065   0.00545   0.00670   0.02317   0.50000   0.93235   0.01257
  10.60200   5.14852  20.99500   7.24756   3.86649   5.45348   0.74050 1.51896e-04   0.70821   0.39999   0.00568   0.00689   0.02401   1.50000   0.93420   0.01438
  10.60200   5.19915  20.99500   7.31883   3.70021   5.40285   0.74485 1.45887e-04   0.72187   0.35322   0.00596   0.00714   0.02509   2.50000   0.92001   0.01671
  10.60200   5.24978  20.99500   7.39010   3.53393   5.35222   0.74915 1.39636e-04   0.73580   0.31281   0.00620   0.00734   0.02621   3.50000   0.91945   0.01951
  10.60200   5.30041  20.99500   7.46137   3.36766   5.30159   0.75339 1.33135e-04   0.74999   0.27205   0.00658   0.00767   0.02694   4.50000   0.91128   0.02341
  10.60200   5.35103  20.99500   7.53264   3.20139   5.25097   0.75756 1.26376e-04   0.76445   0.23516   0.00694   0.00801   0.02597   5.50000   0.89491   0.02789
  10.60200   5.40166  20.99500   7.60390   3.03513   5.20034   0.76168 1.19350e-04   0.77919   0.21531   0.00741   0.00845   0.02048   6.50000   0.87889   0.03177
  10.60200   5.45228  20.99500   7.67516   2.86888   5.14972   0.76574 1.12048e-04   0.79423   0.21401   0.00779   0.00878   0.02153   7.50000   0.87277   0.03319
  10.60200   5.50290  20.99500   7.74642   2.70263   5.09910   0.76973 1.04463e-04   0.80956   0.14993   0.00834   0.00929   0.05524   8.50000   0.86416   0.04999
  10.60200   5.39647  20.99500   7.59660   3.05215   5.20553   0.76126 1.20082e-04   0.77767   0.22933   0.00492   0.00621   0.02133  -5.50000   0.93470   0.02196
  10.60200   5.45347  20.99500   7.67683   2.86497   5.14853   0.76583 1.11873e-04   0.79458   0.23461   0.00515   0.00635   0.02223  -4.50000   0.96106   0.02294
  10.60200   5.51046  20.99500   7.75706   2.67779   5.09154   0.77033 1.03305e-04   0.81188   0.15646   0.00551   0.00667   0.05261  -3.50000   0.94877   0.03599
  10.60200   5.56745  20.99500   7.83729   2.49062   5.03455   0.77475 9.43633e-05   0.82956   0.11843   0.00597   0.00709   0.03043  -2.50000   0.92432   0.04970
  10.60200   5.62444  20.99500   7.91751   2.30346   4.97756   0.77909 8.50356e-05   0.84764   0.12937   0.00643   0.00747   0.02039  -1.50000   0.92843   0.04875
  10.60200   5.68143  20.99500   7.99773   2.11630   4.92057   0.78336 7.53084e-05   0.86615   0.09184   0.00702   0.00799   0.07875  -0.50000   0.92977   0.07449
  10.60200   5.73841  20.99500   8.07795   1.92915   4.86359   0.78756 6.51678e-05   0.88509   0.06256   0.00770   0.00860   0.04715   0.50000   0.92305   0.11822
  10.60200   5.79539  20.99500   8.15816   1.74201   4.80661   0.79168 5.45998e-05   0.90447   0.04268   0.00869   0.00953   0.05597   1.50000   0.90110   0.18949
  10.60200   5.85237  20.99500   8.23837   1.55488   4.74963   0.79574 4.35897e-05   0.92432   0.03151   0.00983   0.01059   0.03608   2.50000   0.89419   0.28617
  10.60200   5.90935  20.99500   8.31857   1.36776   4.69265   0.79972 3.21231e-05   0.94465   0.01443   0.01126   0.01194 -69.29382   3.50000   0.87486   0.69573
  10.60200   5.96632  20.99500   8.39878   1.18064   4.63568   0.80362 2.01845e-05   0.96548   0.00043   0.01328   0.01390-2335.57272   4.50000   0.84448  26.57536
  10.60200   2.40187  21.03500   3.39386  12.87441   8.20013   0.41072 2.67663e-04   0.22055   3.55876   0.00972   0.01064   0.01717  -9.50000   0.96893   0.00272
  10.60200   2.42841  21.03500   3.43136  12.78710   8.17359   0.41475 2.67545e-04   0.22371   3.55070   0.00975   0.01066   0.01716  -8.50000   0.97537   0.00275
  10.60200   2.45495  21.03500   3.46886  12.69980   8.14705   0.41877 2.67418e-04   0.22690   3.51950   0.00990   0.01079   0.01715  -7.50000   0.97549   0.00282
  10.60200   2.48149  21.03500   3.50636  12.61249   8.12051   0.42277 2.67282e-04   0.23010   3.47853   0.00999   0.01088   0.01716  -6.50000   0.97285   0.00287
  10.60200   2.50803  21.03500   3.54386  12.52519   8.09397   0.42675 2.67137e-04   0.23332   3.45403   0.01007   0.01095   0.01716  -5.50000   0.97478   0.00292
  10.60200   2.53457  21.03500   3.58136  12.43788   8.06743   0.43072 2.66984e-04   0.23657   3.35684   0.01026   0.01115   0.01715  -4.50000   0.95603   0.00300
  10.60200   2.56111  21.03500   3.61886  12.35058   8.04089   0.43468 2.66821e-04   0.23983   3.39622   0.01026   0.01112   0.01715  -3.50000   0.97615   0.00302
  10.60200   2.58765  21.03500   3.65637  12.26327   8.01435   0.43862 2.66648e-04   0.24312   3.39805   0.01027   0.01112   0.01716  -2.50000   0.98574   0.00305
  10.60200   2.61419  21.03500   3.69387  12.17597   7.98781   0.44254 2.66466e-04   0.24643   3.32160   0.01046   0.01131   0.01716  -1.50000   0.97257   0.00314
  10.60200   2.64073  21.03500   3.73137  12.08866   7.96127   0.44645 2.66274e-04   0.24976   3.21792   0.01066   0.01152   0.01715  -0.50000   0.95109   0.00322
  10.60200   2.66727  21.03500   3.76887  12.00136   7.93473   0.45034 2.66072e-04   0.25312   3.25795   0.01079   0.01161   0.01716   0.50000   0.97207   0.00329
  10.60200   2.69381  21.03500   3.80637  11.91406   7.90819   0.45422 2.65859e-04   0.25649   3.22961   0.01094   0.01175   0.01716   1.50000   0.97285   0.00337
  10.60200   2.72035  21.03500   3.84387  11.82675   7.88165   0.45809 2.65635e-04   0.25989   3.14955   0.01122   0.01203   0.01718   2.50000   0.95790   0.00348
  10.60200   2.74689  21.03500   3.88137  11.73945   7.85511   0.46193 2.65401e-04   0.26331   3.18863   0.01129   0.01207   0.01717   3.50000   0.97924   0.00354
  10.60200   2.77343  21.03500   3.91887  11.65214   7.82857   0.46577 2.65155e-04   0.26676   3.14331   0.01142   0.01219   0.01718   4.50000   0.97484   0.00361
  10.60200   2.79997  21.03500   3.95637  11.56484   7.80203   0.46958 2.64898e-04   0.27023   3.13248   0.01153   0.01228   0.01719   5.50000   0.98114   0.00368
  10.60200   2.82651  21.03500   3.99388  11.47753   7.77549   0.47338 2.64630e-04   0.27372   3.05763   0.01184   0.01259   0.01719   6.50000   0.96731   0.00381
  10.60200   2.85305  21.03500   4.03138  11.39023   7.74895   0.47717 2.64349e-04   0.27724   2.97336   0.01204   0.01280   0.01719   7.50000   0.95021   0.00391
  10.60200   2.87959  21.03500   4.06888  11.30292   7.72241   0.48093 2.64056e-04   0.28078   3.02184   0.01205   0.01278   0.01720   8.50000   0.97560   0.00396
  10.60200   2.90613  21.03500   4.10638  11.21562   7.69587   0.48469 2.63751e-04   0.28434   2.97697   0.01229   0.01301   0.01721   9.50000   0.97108   0.00407
  10.60200   2.93267  21.03500   4.14388  11.12831   7.66933   0.48842 2.63433e-04   0.28793   2.93117   0.01246   0.01317   0.01721  10.50000   0.96618   0.00417
  10.60200   2.95921  21.03500   4.18138  11.04101   7.64279   0.49214 2.63102e-04   0.29155   2.90028   0.01272   0.01342   0.01723  11.50000   0.96613   0.00430
  10.60200   2.98575  21.03500   4.21888  10.95370   7.61625   0.49584 2.62757e-04   0.29519   2.90786   0.01291   0.01359   0.01723  12.50000   0.97905   0.00441
  10.60200   3.01229  21.03500   4.25638  10.86640   7.58971   0.49953 2.62399e-04   0.29885   2.80577   0.01324   0.01392   0.01723  13.50000   0.95494   0.00457
  10.60200   3.03883  21.03500   4.29389  10.77909   7.56317   0.50320 2.62027e-04   0.30254   2.81222   0.01337   0.01404   0.01738  14.50000   0.96766   0.00466
  10.60200   3.06537  21.03500   4.33139  10.69179   7.53663   0.50686 2.61641e-04   0.30626   2.74611   0.01382   0.01448   0.01723  15.50000   0.95543   0.00487
  10.60200   3.09191  21.03500   4.36889  10.60449   7.51009   0.51050 2.61240e-04   0.31000   2.74385   0.01396   0.01461   0.01724  16.50000   0.96541   0.00498
  10.60200   3.11845  21.03500   4.40639  10.51718   7.48355   0.51412 2.60824e-04   0.31377   2.73536   0.01419   0.01482   0.01728  17.50000   0.97341   0.00511
  10.60200   3.14499  21.03500   4.44389  10.42988   7.45701   0.51772 2.60393e-04   0.31757   2.67792   0.01462   0.01524   0.01730  18.50000   0.96400   0.00533
  10.60200   3.17153  21.03500   4.48139  10.34257   7.43047   0.52131 2.59947e-04   0.32139   2.60168   0.01496   0.01558   0.01730  19.50000   0.94753   0.00551
  10.60200   3.19807  21.03500   4.51889  10.25527   7.40393   0.52488 2.59485e-04   0.32525   2.62871   0.01515   0.01574   0.01732  20.50000   0.96875   0.00564
  10.60200   3.22461  21.03500   4.55639  10.16796   7.37739   0.52844 2.59006e-04   0.32912   2.59006   0.01546   0.01605   0.01731  21.50000   0.96602   0.00583
  10.60200   2.93582  21.03500   4.14833  11.11795   7.66618   0.48886 2.63394e-04   0.28836   2.99386   0.00692   0.00790   0.01723  -9.50000   0.98807   0.00242
  10.60200   2.96826  21.03500   4.19417  11.01124   7.63374   0.49341 2.62986e-04   0.29279   2.94457   0.00698   0.00795   0.01723  -8.50000   0.98445   0.00247
  10.60200   3.00070  21.03500   4.24001  10.90453   7.60130   0.49792 2.62557e-04   0.29725   2.89331   0.00710   0.00806   0.01723  -7.50000   0.98009   0.00254
  10.60200   3.03314  21.03500   4.28585  10.79781   7.56886   0.50242 2.62108e-04   0.30175   2.85252   0.00718   0.00813   0.01739  -6.50000   0.97922   0.00260
  10.60200   3.06558  21.03500   4.33168  10.69110   7.53642   0.50689 2.61638e-04   0.30629   2.84342   0.00718   0.00812   0.01723  -5.50000   0.98937   0.00264
  10.60200   3.09802  21.03500   4.37752  10.58439   7.50398   0.51133 2.61145e-04   0.31087   2.79895   0.00727   0.00820   0.01725  -4.50000   0.98735   0.00270
  10.60200   3.13046  21.03500   4.42336  10.47767   7.47154   0.51575 2.60631e-04   0.31549   2.72102   0.00739   0.00832   0.01730  -3.50000   0.97334   0.00278
  10.60200   3.16290  21.03500   4.46920  10.37096   7.43910   0.52015 2.60094e-04   0.32015   2.70450   0.00740   0.00832   0.01730  -2.50000   0.98124   0.00282
  10.60200   3.19534  21.03500   4.51504  10.26425   7.40666   0.52452 2.59533e-04   0.32485   2.67753   0.00747   0.00838   0.01731  -1.50000   0.98554   0.00289
  10.60200   3.22778  21.03500   4.56087  10.15753   7.37422   0.52886 2.58948e-04   0.32959   2.60051   0.00766   0.00856   0.01732  -0.50000   0.97130   0.00300
  10.60200   3.26022  21.03500   4.60671  10.05082   7.34178   0.53318 2.58339e-04   0.33437   2.59635   0.00775   0.00863   0.01735   0.50000   0.98430   0.00308
  10.60200   3.29266  21.03500   4.65255   9.94411   7.30934   0.53748 2.57704e-04   0.33920   2.59045   0.00783   0.00868   0.01736   1.50000   0.99707   0.00315
  10.60200   3.32510  21.03500   4.69839   9.83740   7.27690   0.54175 2.57043e-04   0.34407   2.52764   0.00800   0.00884   0.01738   2.50000   0.98801   0.00326
  10.60200   3.35754  21.03500   4.74422   9.73068   7.24446   0.54599 2.56355e-04   0.34898   2.50339   0.00814   0.00896   0.01741   3.50000   0.99400   0.00337
  10.60200   3.38998  21.03500   4.79006   9.62397   7.21202   0.55021 2.55640e-04   0.35394   2.41800   0.00831   0.00913   0.01742   4.50000   0.97557   0.00349
  10.60200   3.42242  21.03500   4.83590   9.51726   7.17958   0.55441 2.54897e-04   0.35894   2.37940   0.00846   0.00927   0.01747   5.50000   0.97577   0.00360
  10.60200   3.45486  21.03500   4.88174   9.41054   7.14714   0.55858 2.54125e-04   0.36398   2.34848   0.00858   0.00938   0.01747   6.50000   0.97920   0.00371
  10.60200   3.48730  21.03500   4.92758   9.30383   7.11470   0.56272 2.53324e-04   0.36908   2.33511   0.00866   0.00944   0.01750   7.50000   0.99021   0.00381
  10.60200   3.51974  21.03500   4.97341   9.19712   7.08226   0.56684 2.52493e-04   0.37422   2.25513   0.00892   0.00969   0.01752   8.50000   0.97293   0.00398
  10.60200   3.55218  21.03500   5.01925   9.09040   7.04982   0.57093 2.51630e-04   0.37940   2.26665   0.00897   0.00971   0.01754   9.50000   0.99525   0.00407
  10.60200   3.58462  21.03500   5.06509   8.98369   7.01738   0.57500 2.50736e-04   0.38464   2.20731   0.00916   0.00990   0.01757  10.50000   0.98674   0.00423
  10.60200   3.61706  21.03500   5.11093   8.87698   6.98494   0.57904 2.49810e-04   0.38992   2.17934   0.00933   0.01005   0.01760  11.50000   0.99220   0.00438
  10.60200   3.64950  21.03500   5.15677   8.77027   6.95250   0.58305 2.48850e-04   0.39526   2.11622   0.00963   0.01034   0.01781  12.50000   0.98163   0.00460
  10.60200   3.68194  21.03500   5.20260   8.66355   6.92006   0.58704 2.47856e-04   0.40064   2.03325   0.00990   0.01061   0.01765  13.50000   0.96129   0.00481
  10.60200   3.71438  21.03500   5.24844   8.55684   6.88762   0.59101 2.46826e-04   0.40607   2.06044   0.00996   0.01063   0.01769  14.50000   0.99330   0.00493
  10.60200   3.74682  21.03500   5.29428   8.45013   6.85518   0.59495 2.45762e-04   0.41156   2.01292   0.01024   0.01090   0.01773  15.50000   0.98988   0.00516
  10.60200   3.77926  21.03500   5.34012   8.34341   6.82274   0.59886 2.44660e-04   0.41709   1.98298   0.01039   0.01104   0.01776  16.50000   0.99518   0.00534
  10.60200   3.81170  21.03500   5.38596   8.23670   6.79030   0.60274 2.43521e-04   0.42268   1.97123   0.01058   0.01120   0.01780  17.50000   1.01004   0.00555
  10.60200   3.84414  21.03500   5.43179   8.12999   6.75786   0.60660 2.42343e-04   0.42833   1.90111   0.01102   0.01164   0.01785  18.50000   0.99498   0.00590
  10.60200   3.87658  21.03500   5.47763   8.02327   6.72542   0.61044 2.41126e-04   0.43402   1.85869   0.01127   0.01187   0.01790  19.50000   0.99411   0.00616
  10.60200   3.90902  21.03500   5.52347   7.91656   6.69298   0.61425 2.39869e-04   0.43978   1.82176   0.01159   0.01218   0.01794  20.50000   0.99623   0.00647
  10.60200   3.94146  21.03500   5.56931   7.80985   6.66054   0.61803 2.38570e-04   0.44559   1.76558   0.01193   0.01251   0.01798  21.50000   0.98769   0.00681
  10.60200   3.55846  21.03500   5.02813   9.06975   7.04354   0.57172 2.51460e-04   0.38041   2.27684   0.00467   0.00602   0.01756  -9.50000   1.00316   0.00233
  10.60200   3.59778  21.03500   5.08369   8.94040   7.00422   0.57664 2.50364e-04   0.38678   2.19954   0.00474   0.00608   0.01759  -8.50000   0.99052   0.00240
  10.60200   3.63710  21.03500   5.13924   8.81106   6.96490   0.58152 2.49221e-04   0.39321   2.16878   0.00479   0.00611   0.01764  -7.50000   0.99880   0.00248
  10.60200   3.67642  21.03500   5.19480   8.68171   6.92558   0.58637 2.48027e-04   0.39972   2.12885   0.00486   0.00616   0.01767  -6.50000   1.00319   0.00257
  10.60200   3.71574  21.03500   5.25036   8.55237   6.88626   0.59117 2.46783e-04   0.40630   2.06825   0.00491   0.00620   0.01770  -5.50000   0.99788   0.00265
  10.60200   3.75506  21.03500   5.30592   8.42302   6.84694   0.59594 2.45485e-04   0.41296   2.03211   0.00497   0.00624   0.01775  -4.50000   1.00444   0.00274
  10.60200   3.79438  21.03500   5.36148   8.29368   6.80762   0.60067 2.44134e-04   0.41969   1.99411   0.00503   0.00627   0.01779  -3.50000   1.01042   0.00283
  10.60200   3.83370  21.03500   5.41704   8.16433   6.76830   0.60536 2.42726e-04   0.42650   1.90967   0.00513   0.00637   0.01778  -2.50000   0.99262   0.00295
  10.60200   3.87302  21.03500   5.47260   8.03499   6.72898   0.61002 2.41262e-04   0.43340   1.85568   0.00522   0.00645   0.01791  -1.50000   0.99014   0.00307
  10.60200   3.91234  21.03500   5.52816   7.90564   6.68966   0.61463 2.39738e-04   0.44037   1.80146   0.00533   0.00654   0.01796  -0.50000   0.98741   0.00321
  10.60200   3.95166  21.03500   5.58372   7.77629   6.65034   0.61921 2.38153e-04   0.44743   1.76497   0.00545   0.00663   0.01801   0.50000   0.99453   0.00336
  10.60200   3.99098  21.03500   5.63928   7.64695   6.61102   0.62375 2.36505e-04   0.45457   1.72296   0.00557   0.00672   0.01807   1.50000   0.99886   0.00351
  10.60200   4.03030  21.03500   5.69484   7.51761   6.57170   0.62825 2.34794e-04   0.46179   1.66188   0.00571   0.00684   0.01812   2.50000   0.99206   0.00370
  10.60200   4.06962  21.03500   5.75040   7.38826   6.53238   0.63272 2.33016e-04   0.46910   1.61588   0.00584   0.00695   0.01820   3.50000   0.99409   0.00388
  10.60200   4.10894  21.03500   5.80596   7.25892   6.49306   0.63714 2.31169e-04   0.47650   1.56582   0.00596   0.00705   0.01826   4.50000   0.99364   0.00407
  10.60200   4.14826  21.03500   5.86152   7.12957   6.45374   0.64153 2.29253e-04   0.48399   1.52893   0.00608   0.00713   0.01835   5.50000   1.00174   0.00427
  10.60200   4.18758  21.03500   5.91708   7.00022   6.41442   0.64588 2.27265e-04   0.49158   1.47985   0.00622   0.00725   0.01846   6.50000   1.00205   0.00451
  10.60200   4.22690  21.03500   5.97264   6.87088   6.37510   0.65019 2.25202e-04   0.49925   1.41692   0.00641   0.00742   0.01855   7.50000   0.99258   0.00479
  10.60200   4.26622  21.03500   6.02820   6.74153   6.33578   0.65446 2.23064e-04   0.50702   1.38346   0.00654   0.00752   0.01866   8.50000   1.00369   0.00504
  10.60200   4.30554  21.03500   6.08375   6.61219   6.29646   0.65869 2.20847e-04   0.51489   1.32907   0.00673   0.00769   0.01877   9.50000   0.99974   0.00536
  10.60200   4.34486  21.03500   6.13931   6.48284   6.25714   0.66289 2.18550e-04   0.52286   1.28156   0.00690   0.00783   0.01889  10.50000   1.00066   0.00569
  10.60200   4.38418  21.03500   6.19487   6.35350   6.21782   0.66704 2.16170e-04   0.53093   1.22861   0.00714   0.00806   0.01903  11.50000   0.99705   0.00610
  10.60200   4.42350  21.03500   6.25043   6.22415   6.17850   0.67116 2.13704e-04   0.53910   1.19366   0.00737   0.00825   0.01916  12.50000   1.00807   0.00653
  10.60200   4.46282  21.03500   6.30599   6.09481   6.13918   0.67524 2.11152e-04   0.54737   1.12750   0.00765   0.00851   0.01928  13.50000   0.99224   0.00704
  10.60200   4.50214  21.03500   6.36155   5.96546   6.09986   0.67929 2.08510e-04   0.55576   1.10379   0.00786   0.00868   0.01940  14.50000   1.01361   0.00753
  10.60200   4.54146  21.03500   6.41711   5.83612   6.06054   0.68329 2.05775e-04   0.56425   1.04239   0.00819   0.00900   0.01955  15.50000   1.00030   0.00818
  10.60200   4.58078  21.03500   6.47267   5.70677   6.02122   0.68726 2.02946e-04   0.57285   0.98341   0.00855   0.00934   0.01970  16.50000   0.98765   0.00891
  10.60200   4.62010  21.03500   6.52823   5.57743   5.98190   0.69118 2.00020e-04   0.58156   0.96194   0.00875   0.00950   0.01988  17.50000   1.01266   0.00954
  10.60200   4.65942  21.03500   6.58379   5.44808   5.94258   0.69508 1.96994e-04   0.59039   0.88996   0.00928   0.01002   0.02005  18.50000   0.98361   0.01059
  10.60200   4.69874  21.03500   6.63935   5.31874   5.90326   0.69893 1.93865e-04   0.59934   0.85869   0.00956   0.01026   0.02023  19.50000   0.99805   0.01144
  10.60200   4.73806  21.03500   6.69491   5.18939   5.86394   0.70274 1.90630e-04   0.60841   0.82555   0.00988   0.01056   0.02048  20.50000   1.01079   0.01245
  10.60200   4.77738  21.03500   6.75047   5.06005   5.82462   0.70652 1.87288e-04   0.61760   0.76928   0.01043   0.01109   0.02070  21.50000   0.99390   0.01383
  10.60200   4.53677  21.03500   6.41048   5.85156   6.06523   0.68281 2.06107e-04   0.56323   1.07412   0.00301   0.00435   0.01954  -9.50000   1.02523   0.00359
  10.60200   4.58689  21.03500   6.48131   5.68666   6.01511   0.68787 2.02498e-04   0.57420   1.00660   0.00308   0.00440   0.01975  -8.50000   1.01823   0.00386
  10.60200   4.63702  21.03500   6.55214   5.52175   5.96498   0.69286 1.98730e-04   0.58535   0.95071   0.00315   0.00445   0.01998  -7.50000   1.02179   0.00416
  10.60200   4.68716  21.03500   6.62298   5.35685   5.91484   0.69780 1.94797e-04   0.59669   0.89839   0.00323   0.00449   0.02026  -6.50000   1.02863   0.00450
  10.60200   4.73729  21.03500   6.69381   5.19194   5.86471   0.70267 1.90695e-04   0.60823   0.84186   0.00330   0.00454   0.02049  -5.50000   1.02967   0.00488
  10.60200   4.78741  21.03500   6.76465   5.02704   5.81459   0.70748 1.86417e-04   0.61997   0.78011   0.00340   0.00462   0.02075  -4.50000   1.02210   0.00534
  10.60200   4.83754  21.03500   6.83548   4.86213   5.76446   0.71223 1.81958e-04   0.63191   0.73232   0.00349   0.00468   0.02106  -3.50000   1.03075   0.00584
  10.60200   4.88768  21.03500   6.90632   4.69722   5.71432   0.71691 1.77310e-04   0.64405   0.66956   0.00362   0.00479   0.02138  -2.50000   1.01535   0.00645
  10.60200   4.93781  21.03500   6.97715   4.53232   5.66419   0.72154 1.72469e-04   0.65642   0.62023   0.00375   0.00488   0.02171  -1.50000   1.01637   0.00714
  10.60200   4.98794  21.03500   7.04798   4.36741   5.61406   0.72611 1.67426e-04   0.66900   0.56869   0.00391   0.00501   0.02218  -0.50000   1.01051   0.00798
  10.60200   5.03806  21.03500   7.11882   4.20251   5.56394   0.73061 1.62177e-04   0.68182   0.52156   0.00411   0.00517   0.02269   0.50000   1.00884   0.00903
  10.60200   5.08819  21.03500   7.18965   4.03761   5.51381   0.73506 1.56713e-04   0.69486   0.48312   0.00428   0.00528   0.02340   1.50000   1.02274   0.01018
  10.60200   5.13832  21.03500   7.26048   3.87270   5.46368   0.73944 1.51028e-04   0.70814   0.43462   0.00451   0.00548   0.02434   2.50000   1.01460   0.01172
  10.60200   5.18845  21.03500   7.33132   3.70780   5.41355   0.74377 1.45114e-04   0.72167   0.39279   0.00474   0.00567   0.02544   3.50000   1.02139   0.01359
  10.60200   5.23858  21.03500   7.40215   3.54289   5.36342   0.74804 1.38964e-04   0.73546   0.34628   0.00501   0.00589   0.02650   4.50000   1.01471   0.01602
  10.60200   5.28871  21.03500   7.47299   3.37798   5.31329   0.75224 1.32571e-04   0.74950   0.30462   0.00533   0.00617   0.02683   5.50000   1.01572   0.01921
  10.60200   5.33885  21.03500   7.54382   3.21308   5.26315   0.75639 1.25926e-04   0.76381   0.26896   0.00565   0.00644   0.02474   6.50000   1.01819   0.02292
  10.60200   5.38898  21.03500   7.61466   3.04817   5.21302   0.76048 1.19022e-04   0.77840   0.24280   0.00610   0.00686   0.01815   7.50000   0.99036   0.02644
  10.60200   5.43911  21.03500   7.68549   2.88327   5.16289   0.76451 1.11851e-04   0.79327   0.25048   0.00651   0.00721   0.04003   8.50000   1.01340   0.02776
  10.60200   5.48923  21.03500   7.75632   2.71836   5.11277   0.76848 1.04403e-04   0.80843   0.18026   0.00702   0.00767   0.04881   9.50000   1.01172   0.04125
  10.60200   5.53937  21.03500   7.82716   2.55346   5.06263   0.77240 9.66705e-05   0.82389   0.13516   0.00765   0.00826   0.02935  10.50000   0.99849   0.05877
  10.60200   5.58950  21.03500   7.89799   2.38855   5.01250   0.77626 8.86446e-05   0.83966   0.12691   0.00843   0.00899   0.01926  11.50000   0.99835   0.06849
  10.60200   5.63963  21.03500   7.96883   2.22365   4.96237   0.78006 8.03162e-05   0.85575   0.13995   0.00920   0.00970   0.07213  12.50000   1.02827   0.06944
  10.60200   5.68975  21.03500   8.03966   2.05874   4.91225   0.78380 7.16761e-05   0.87217   0.08690   0.01025   0.01070   0.05208  13.50000   1.02325   0.12336
  10.60200   5.73988  21.03500   8.11049   1.89384   4.86212   0.78748 6.27149e-05   0.88892   0.06386   0.01171   0.01212   0.04975  14.50000   1.00215   0.18696
  10.60200   5.79001  21.03500   8.18133   1.72893   4.81199   0.79111 5.34229e-05   0.90603   0.04434   0.01372   0.01409   0.05653  15.50000   0.96882   0.30380
  10.60200   5.84014  21.03500   8.25216   1.56403   4.76186   0.79469 4.37903e-05   0.92349   0.03414   0.01582   0.01614   0.02630  16.50000   0.96676   0.45239
  10.60200   5.89028  21.03500   8.32299   1.39912   4.71172   0.79821 3.38070e-05   0.94133   0.02156   0.01844   0.01872   0.19617  17.50000   0.97936   0.84399
  10.60200   5.94040  21.03500   8.39383   1.23422   4.66160   0.80167 2.34631e-05   0.95955   0.00226   0.02292   0.02316-442.80967  18.50000   0.94450   9.63381
  10.60200   2.40187  21.03500   3.39386  12.87441   8.20013   0.41072 2.67663e-04   0.22055   3.55876   0.00972   0.01064   0.01717  -9.50000   0.96893   0.00272
  10.60200   2.42841  21.03500   3.43136  12.78710   8.17359   0.41475 2.67545e-04   0.22371   3.55070   0.00975   0.01066   0.01716  -8.50000   0.97537   0.00275
  10.60200   2.45495  21.03500   3.46886  12.69980   8.14705   0.41877 2.67418e-04   0.22690   3.51950   0.00990   0.01079   0.01715  -7.50000   0.97549   0.00282
  10.60200   2.48149  21.03500   3.50636  12.61249   8.12051   0.42277 2.67282e-04   0.23010   3.47853   0.00999   0.01088   0.01716  -6.50000   0.97285   0.00287
  10.60200   2.50803  21.03500   3.54386  12.52519   8.09397   0.42675 2.67137e-04   0.23332   3.45403   0.01007   0.01095   0.01716  -5.50000   0.97478   0.00292
  10.60200   2.53457  21.03500   3.58136  12.43788   8.06743   0.43072 2.66984e-04   0.23657   3.35684   0.01026   0.01115   0.01715  -4.50000   0.95603   0.00300
  10.60200   2.56111  21.03500   3.61886  12.35058   8.04089   0.43468 2.66821e-04   0.23983   3.39622   0.01026   0.01112   0.01715  -3.50000   0.97615   0.00302
  10.60200   2.58765  21.03500   3.65637  12.26327   8.01435   0.43862 2.66648e-04   0.24312   3.39805   0.01027   0.01112   0.01716  -2.50000   0.98574   0.00305
  10.60200   2.61419  21.03500   3.69387  12.17597   7.98781   0.44254 2.66466e-04   0.24643   3.32160   0.01046   0.01131   0.01716  -1.50000   0.97257   0.00314
  10.60200   2.64073  21.03500   3.73137  12.08866   7.96127   0.44645 2.66274e-04   0.24976   3.21792   0.01066   0.01152   0.01715  -0.50000   0.95109   0.00322
  10.60200   2.66727  21.03500   3.76887  12.00136   7.93473   0.45034 2.66072e-04   0.25312   3.25795   0.01079   0.01161   0.01716   0.50000   0.97207   0.00329
  10.60200   2.69381  21.03500   3.80637  11.91406   7.90819   0.45422 2.65859e-04   0.25649   3.22961   0.01094   0.01175   0.01716   1.50000   0.97285   0.00337
  10.60200   2.72035  21.03500   3.84387  11.82675   7.88165   0.45809 2.65635e-04   0.25989   3.14955   0.01122   0.01203   0.01718   2.50000   0.95790   0.00348
  10.60200   2.74689  21.03500   3.88137  11.73945   7.85511   0.46193 2.65401e-04   0.26331   3.18863   0.01129   0.01207   0.01717   3.50000   0.97924   0.00354
  10.60200   2.77343  21.03500   3.91887  11.65214   7.82857   0.46577 2.65155e-04   0.26676   3.14331   0.01142   0.01219   0.01718   4.50000   0.97484   0.00361
  10.60200   2.79997  21.03500   3.95637  11.56484   7.80203   0.46958 2.64898e-04   0.27023   3.13248   0.01153   0.01228   0.01719   5.50000   0.98114   0.00368
  10.60200   2.82651  21.03500   3.99388  11.47753   7.77549   0.47338 2.64630e-04   0.27372   3.05763   0.01184   0.01259   0.01719   6.50000   0.96731   0.00381
  10.60200   2.85305  21.03500   4.03138  11.39023   7.74895   0.47717 2.64349e-04   0.27724   2.97336   0.01204   0.01280   0.01719   7.50000   0.95021   0.00391
  10.60200   2.87959  21.03500   4.06888  11.30292   7.72241   0.48093 2.64056e-04   0.28078   3.02184   0.01205   0.01278   0.01720   8.50000   0.97560   0.00396
  10.60200   2.90613  21.03500   4.10638  11.21562   7.69587   0.48469 2.63751e-04   0.28434   2.97697   0.01229   0.01301   0.01721   9.50000   0.97108   0.00407
  10.60200   2.93267  21.03500   4.14388  11.12831   7.66933   0.48842 2.63433e-04   0.28793   2.93117   0.01246   0.01317   0.01721  10.50000   0.96618   0.00417
  10.60200   2.95921  21.03500   4.18138  11.04101   7.64279   0.49214 2.63102e-04   0.29155   2.90028   0.01272   0.01342   0.01723  11.50000   0.96613   0.00430
  10.60200   2.98575  21.03500   4.21888  10.95370   7.61625   0.49584 2.62757e-04   0.29519   2.90786   0.01291   0.01359   0.01723  12.50000   0.97905   0.00441
  10.60200   3.01229  21.03500   4.25638  10.86640   7.58971   0.49953 2.62399e-04   0.29885   2.80577   0.01324   0.01392   0.01723  13.50000   0.95494   0.00457
  10.60200   3.03883  21.03500   4.29389  10.77909   7.56317   0.50320 2.62027e-04   0.30254   2.81222   0.01337   0.01404   0.01738  14.50000   0.96766   0.00466
  10.60200   3.06537  21.03500   4.33139  10.69179   7.53663   0.50686 2.61641e-04   0.30626   2.74611   0.01382   0.01448   0.01723  15.50000   0.95543   0.00487
  10.60200   3.09191  21.03500   4.36889  10.60449   7.51009   0.51050 2.61240e-04   0.31000   2.74385   0.01396   0.01461   0.01724  16.50000   0.96541   0.00498
  10.60200   3.11845  21.03500   4.40639  10.51718   7.48355   0.51412 2.60824e-04   0.31377   2.73536   0.01419   0.01482   0.01728  17.50000   0.97341   0.00511
  10.60200   3.14499  21.03500   4.44389  10.42988   7.45701   0.51772 2.60393e-04   0.31757   2.67792   0.01462   0.01524   0.01730  18.50000   0.96400   0.00533
  10.60200   3.17153  21.03500   4.48139  10.34257   7.43047   0.52131 2.59947e-04   0.32139   2.60168   0.01496   0.01558   0.01730  19.50000   0.94753   0.00551
  10.60200   3.19807  21.03500   4.51889  10.25527   7.40393   0.52488 2.59485e-04   0.32525   2.62871   0.01515   0.01574   0.01732  20.50000   0.96875   0.00564
  10.60200   3.22461  21.03500   4.55639  10.16796   7.37739   0.52844 2.59006e-04   0.32912   2.59006   0.01546   0.01605   0.01731  21.50000   0.96602   0.00583
  10.60200   2.93582  21.03500   4.14833  11.11795   7.66618   0.48886 2.63394e-04   0.28836   2.99386   0.00692   0.00790   0.01723  -9.50000   0.98807   0.00242
  10.60200   2.96826  21.03500   4.19417  11.01124   7.63374   0.49341 2.62986e-04   0.29279   2.94457   0.00698   0.00795   0.01723  -8.50000   0.98445   0.00247
  10.60200   3.00070  21.03500   4.24001  10.90453   7.60130   0.49792 2.62557e-04   0.29725   2.89331   0.00710   0.00806   0.01723  -7.50000   0.98009   0.00254
  10.60200   3.03314  21.03500   4.28585  10.79781   7.56886   0.50242 2.62108e-04   0.30175   2.85252   0.00718   0.00813   0.01739  -6.50000   0.97922   0.00260
  10.60200   3.06558  21.03500   4.33168  10.69110   7.53642   0.50689 2.61638e-04   0.30629   2.84342   0.00718   0.00812   0.01723  -5.50000   0.98937   0.00264
  10.60200   3.09802  21.03500   4.37752  10.58439   7.50398   0.51133 2.61145e-04   0.31087   2.79895   0.00727   0.00820   0.01725  -4.50000   0.98735   0.00270
  10.60200   3.13046  21.03500   4.42336  10.47767   7.47154   0.51575 2.60631e-04   0.31549   2.72102   0.00739   0.00832   0.01730  -3.50000   0.97334   0.00278
  10.60200   3.16290  21.03500   4.46920  10.37096   7.43910   0.52015 2.60094e-04   0.32015   2.70450   0.00740   0.00832   0.01730  -2.50000   0.98124   0.00282
  10.60200   3.19534  21.03500   4.51504  10.26425   7.40666   0.52452 2.59533e-04   0.32485   2.67753   0.00747   0.00838   0.01731  -1.50000   0.98554   0.00289
  10.60200   3.22778  21.03500   4.56087  10.15753   7.37422   0.52886 2.58948e-04   0.32959   2.60051   0.00766   0.00856   0.01732  -0.50000   0.97130   0.00300
  10.60200   3.26022  21.03500   4.60671  10.05082   7.34178   0.53318 2.58339e-04   0.33437   2.59635   0.00775   0.00863   0.01735   0.50000   0.98430   0.00308
  10.60200   3.29266  21.03500   4.65255   9.94411   7.30934   0.53748 2.57704e-04   0.33920   2.59045   0.00783   0.00868   0.01736   1.50000   0.99707   0.00315
  10.60200   3.32510  21.03500   4.69839   9.83740   7.27690   0.54175 2.57043e-04   0.34407   2.52764   0.00800   0.00884   0.01738   2.50000   0.98801   0.00326
  10.60200   3.35754  21.03500   4.74422   9.73068   7.24446   0.54599 2.56355e-04   0.34898   2.50339   0.00814   0.00896   0.01741   3.50000   0.99400   0.00337
  10.60200   3.38998  21.03500   4.79006   9.62397   7.21202   0.55021 2.55640e-04   0.35394   2.41800   0.00831   0.00913   0.01742   4.50000   0.97557   0.00349
  10.60200   3.42242  21.03500   4.83590   9.51726   7.17958   0.55441 2.54897e-04   0.35894   2.37940   0.00846   0.00927   0.01747   5.50000   0.97577   0.00360
  10.60200   3.45486  21.03500   4.88174   9.41054   7.14714   0.55858 2.54125e-04   0.36398   2.34848   0.00858   0.00938   0.01747   6.50000   0.97920   0.00371
  10.60200   3.48730  21.03500   4.92758   9.30383   7.11470   0.56272 2.53324e-04   0.36908   2.33511   0.00866   0.00944   0.01750   7.50000   0.99021   0.00381
  10.60200   3.51974  21.03500   4.97341   9.19712   7.08226   0.56684 2.52493e-04   0.37422   2.25513   0.00892   0.00969   0.01752   8.50000   0.97293   0.00398
  10.60200   3.55218  21.03500   5.01925   9.09040   7.04982   0.57093 2.51630e-04   0.37940   2.26665   0.00897   0.00971   0.01754   9.50000   0.99525   0.00407
  10.60200   3.58462  21.03500   5.06509   8.98369   7.01738   0.57500 2.50736e-04   0.38464   2.20731   0.00916   0.00990   0.01757  10.50000   0.98674   0.00423
  10.60200   3.61706  21.03500   5.11093   8.87698   6.98494   0.57904 2.49810e-04   0.38992   2.17934   0.00933   0.01005   0.01760  11.50000   0.99220   0.00438
  10.60200   3.64950  21.03500   5.15677   8.77027   6.95250   0.58305 2.48850e-04   0.39526   2.11622   0.00963   0.01034   0.01781  12.50000   0.98163   0.00460
  10.60200   3.68194  21.03500   5.20260   8.66355   6.92006   0.58704 2.47856e-04   0.40064   2.03325   0.00990   0.01061   0.01765  13.50000   0.96129   0.00481
  10.60200   3.71438  21.03500   5.24844   8.55684   6.88762   0.59101 2.46826e-04   0.40607   2.06044   0.00996   0.01063   0.01769  14.50000   0.99330   0.00493
  10.60200   3.74682  21.03500   5.29428   8.45013   6.85518   0.59495 2.45762e-04   0.41156   2.01292   0.01024   0.01090   0.01773  15.50000   0.98988   0.00516
  10.60200   3.77926  21.03500   5.34012   8.34341   6.82274   0.59886 2.44660e-04   0.41709   1.98298   0.01039   0.01104   0.01776  16.50000   0.99518   0.00534
  10.60200   3.81170  21.03500   5.38596   8.23670   6.79030   0.60274 2.43521e-04   0.42268   1.97123   0.01058   0.01120   0.01780  17.50000   1.01004   0.00555
  10.60200   3.84414  21.03500   5.43179   8.12999   6.75786   0.60660 2.42343e-04   0.42833   1.90111   0.01102   0.01164   0.01785  18.50000   0.99498   0.00590
  10.60200   3.87658  21.03500   5.47763   8.02327   6.72542   0.61044 2.41126e-04   0.43402   1.85869   0.01127   0.01187   0.01790  19.50000   0.99411   0.00616
  10.60200   3.90902  21.03500   5.52347   7.91656   6.69298   0.61425 2.39869e-04   0.43978   1.82176   0.01159   0.01218   0.01794  20.50000   0.99623   0.00647
  10.60200   3.94146  21.03500   5.56931   7.80985   6.66054   0.61803 2.38570e-04   0.44559   1.76558   0.01193   0.01251   0.01798  21.50000   0.98769   0.00681
  10.60200   3.55846  21.03500   5.02813   9.06975   7.04354   0.57172 2.51460e-04   0.38041   2.27684   0.00467   0.00602   0.01756  -9.50000   1.00316   0.00233
  10.60200   3.59778  21.03500   5.08369   8.94040   7.00422   0.57664 2.50364e-04   0.38678   2.19954   0.00474   0.00608   0.01759  -8.50000   0.99052   0.00240
  10.60200   3.63710  21.03500   5.13924   8.81106   6.96490   0.58152 2.49221e-04   0.39321   2.16878   0.00479   0.00611   0.01764  -7.50000   0.99880   0.00248
  10.60200   3.67642  21.03500   5.19480   8.68171   6.92558   0.58637 2.48027e-04   0.39972   2.12885   0.00486   0.00616   0.01767  -6.50000   1.00319   0.00257
  10.60200   3.71574  21.03500   5.25036   8.55237   6.88626   0.59117 2.46783e-04   0.40630   2.06825   0.00491   0.00620   0.01770  -5.50000   0.99788   0.00265
  10.60200   3.75506  21.03500   5.30592   8.42302   6.84694   0.59594 2.45485e-04   0.41296   2.03211   0.00497   0.00624   0.01775  -4.50000   1.00444   0.00274
  10.60200   3.79438  21.03500   5.36148   8.29368   6.80762   0.60067 2.44134e-04   0.41969   1.99411   0.00503   0.00627   0.01779  -3.50000   1.01042   0.00283
  10.60200   3.83370  21.03500   5.41704   8.16433   6.76830   0.60536 2.42726e-04   0.42650   1.90967   0.00513   0.00637   0.01778  -2.50000   0.99262   0.00295
  10.60200   3.87302  21.03500   5.47260   8.03499   6.72898   0.61002 2.41262e-04   0.43340   1.85568   0.00522   0.00645   0.01791  -1.50000   0.99014   0.00307
  10.60200   3.91234  21.03500   5.52816   7.90564   6.68966   0.61463 2.39738e-04   0.44037   1.80146   0.00533   0.00654   0.01796  -0.50000   0.98741   0.00321
  10.60200   3.95166  21.03500   5.58372   7.77629   6.65034   0.61921 2.38153e-04   0.44743   1.76497   0.00545   0.00663   0.01801   0.50000   0.99453   0.00336
  10.60200   3.99098  21.03500   5.63928   7.64695   6.61102   0.62375 2.36505e-04   0.45457   1.72296   0.00557   0.00672   0.01807   1.50000   0.99886   0.00351
  10.60200   4.03030  21.03500   5.69484   7.51761   6.57170   0.62825 2.34794e-04   0.46179   1.66188   0.00571   0.00684   0.01812   2.50000   0.99206   0.00370
  10.60200   4.06962  21.03500   5.75040   7.38826   6.53238   0.63272 2.33016e-04   0.46910   1.61588   0.00584   0.00695   0.01820   3.50000   0.99409   0.00388
  10.60200   4.10894  21.03500   5.80596   7.25892   6.49306   0.63714 2.31169e-04   0.47650   1.56582   0.00596   0.00705   0.01826   4.50000   0.99364   0.00407
  10.60200   4.14826  21.03500   5.86152   7.12957   6.45374   0.64153 2.29253e-04   0.48399   1.52893   0.00608   0.00713   0.01835   5.50000   1.00174   0.00427
  10.60200   4.18758  21.03500   5.91708   7.00022   6.41442   0.64588 2.27265e-04   0.49158   1.47985   0.00622   0.00725   0.01846   6.50000   1.00205   0.00451
  10.60200   4.22690  21.03500   5.97264   6.87088   6.37510   0.65019 2.25202e-04   0.49925   1.41692   0.00641   0.00742   0.01855   7.50000   0.99258   0.00479
  10.60200   4.26622  21.03500   6.02820   6.74153   6.33578   0.65446 2.23064e-04   0.50702   1.38346   0.00654   0.00752   0.01866   8.50000   1.00369   0.00504
  10.60200   4.30554  21.03500   6.08375   6.61219   6.29646   0.65869 2.20847e-04   0.51489   1.32907   0.00673   0.00769   0.01877   9.50000   0.99974   0.00536
  10.60200   4.34486  21.03500   6.13931   6.48284   6.25714   0.66289 2.18550e-04   0.52286   1.28156   0.00690   0.00783   0.01889  10.50000   1.00066   0.00569
  10.60200   4.38418  21.03500   6.19487   6.35350   6.21782   0.66704 2.16170e-04   0.53093   1.22861   0.00714   0.00806   0.01903  11.50000   0.99705   0.00610
  10.60200   4.42350  21.03500   6.25043   6.22415   6.17850   0.67116 2.13704e-04   0.53910   1.19366   0.00737   0.00825   0.01916  12.50000   1.00807   0.00653
  10.60200   4.46282  21.03500   6.30599   6.09481   6.13918   0.67524 2.11152e-04   0.54737   1.12750   0.00765   0.00851   0.01928  13.50000   0.99224   0.00704
  10.60200   4.50214  21.03500   6.36155   5.96546   6.09986   0.67929 2.08510e-04   0.55576   1.10379   0.00786   0.00868   0.01940  14.50000   1.01361   0.00753
  10.60200   4.54146  21.03500   6.41711   5.83612   6.06054   0.68329 2.05775e-04   0.56425   1.04239   0.00819   0.00900   0.01955  15.50000   1.00030   0.00818
  10.60200   4.58078  21.03500   6.47267   5.70677   6.02122   0.68726 2.02946e-04   0.57285   0.98341   0.00855   0.00934   0.01970  16.50000   0.98765   0.00891
  10.60200   4.62010  21.03500   6.52823   5.57743   5.98190   0.69118 2.00020e-04   0.58156   0.96194   0.00875   0.00950   0.01988  17.50000   1.01266   0.00954
  10.60200   4.65942  21.03500   6.58379   5.44808   5.94258   0.69508 1.96994e-04   0.59039   0.88996   0.00928   0.01002   0.02005  18.50000   0.98361   0.01059
  10.60200   4.69874  21.03500   6.63935   5.31874   5.90326   0.69893 1.93865e-04   0.59934   0.85869   0.00956   0.01026   0.02023  19.50000   0.99805   0.01144
  10.60200   4.73806  21.03500   6.69491   5.18939   5.86394   0.70274 1.90630e-04   0.60841   0.82555   0.00988   0.01056   0.02048  20.50000   1.01079   0.01245
  10.60200   4.77738  21.03500   6.75047   5.06005   5.82462   0.70652 1.87288e-04   0.61760   0.76928   0.01043   0.01109   0.02070  21.50000   0.99390   0.01383
  10.60200   4.53677  21.03500   6.41048   5.85156   6.06523   0.68281 2.06107e-04   0.56323   1.07412   0.00301   0.00435   0.01954  -9.50000   1.02523   0.00359
  10.60200   4.58689  21.03500   6.48131   5.68666   6.01511   0.68787 2.02498e-04   0.57420   1.00660   0.00308   0.00440   0.01975  -8.50000   1.01823   0.00386
  10.60200   4.63702  21.03500   6.55214   5.52175   5.96498   0.69286 1.98730e-04   0.58535   0.95071   0.00315   0.00445   0.01998  -7.50000   1.02179   0.00416
  10.60200   4.68716  21.03500   6.62298   5.35685   5.91484   0.69780 1.94797e-04   0.59669   0.89839   0.00323   0.00449   0.02026  -6.50000   1.02863   0.00450
  10.60200   4.73729  21.03500   6.69381   5.19194   5.86471   0.70267 1.90695e-04   0.60823   0.84186   0.00330   0.00454   0.02049  -5.50000   1.02967   0.00488
  10.60200   4.78741  21.03500   6.76465   5.02704   5.81459   0.70748 1.86417e-04   0.61997   0.78011   0.00340   0.00462   0.02075  -4.50000   1.02210   0.00534
  10.60200   4.83754  21.03500   6.83548   4.86213   5.76446   0.71223 1.81958e-04   0.63191   0.73232   0.00349   0.00468   0.02106  -3.50000   1.03075   0.00584
  10.60200   4.88768  21.03500   6.90632   4.69722   5.71432   0.71691 1.77310e-04   0.64405   0.66956   0.00362   0.00479   0.02138  -2.50000   1.01535   0.00645
  10.60200   4.93781  21.03500   6.97715   4.53232   5.66419   0.72154 1.72469e-04   0.65642   0.62023   0.00375   0.00488   0.02171  -1.50000   1.01637   0.00714
  10.60200   4.98794  21.03500   7.04798   4.36741   5.61406   0.72611 1.67426e-04   0.66900   0.56869   0.00391   0.00501   0.02218  -0.50000   1.01051   0.00798
  10.60200   5.03806  21.03500   7.11882   4.20251   5.56394   0.73061 1.62177e-04   0.68182   0.52156   0.00411   0.00517   0.02269   0.50000   1.00884   0.00903
  10.60200   5.08819  21.03500   7.18965   4.03761   5.51381   0.73506 1.56713e-04   0.69486   0.48312   0.00428   0.00528   0.02340   1.50000   1.02274   0.01018
  10.60200   5.13832  21.03500   7.26048   3.87270   5.46368   0.73944 1.51028e-04   0.70814   0.43462   0.00451   0.00548   0.02434   2.50000   1.01460   0.01172
  10.60200   5.18845  21.03500   7.33132   3.70780   5.41355   0.74377 1.45114e-04   0.72167   0.39279   0.00474   0.00567   0.02544   3.50000   1.02139   0.01359
  10.60200   5.23858  21.03500   7.40215   3.54289   5.36342   0.74804 1.38964e-04   0.73546   0.34628   0.00501   0.00589   0.02650   4.50000   1.01471   0.01602
  10.60200   5.28871  21.03500   7.47299   3.37798   5.31329   0.75224 1.32571e-04   0.74950   0.30462   0.00533   0.00617   0.02683   5.50000   1.01572   0.01921
  10.60200   5.33885  21.03500   7.54382   3.21308   5.26315   0.75639 1.25926e-04   0.76381   0.26896   0.00565   0.00644   0.02474   6.50000   1.01819   0.02292
  10.60200   5.38898  21.03500   7.61466   3.04817   5.21302   0.76048 1.19022e-04   0.77840   0.24280   0.00610   0.00686   0.01815   7.50000   0.99036   0.02644
  10.60200   5.43911  21.03500   7.68549   2.88327   5.16289   0.76451 1.11851e-04   0.79327   0.25048   0.00651   0.00721   0.04003   8.50000   1.01340   0.02776
  10.60200   5.48923  21.03500   7.75632   2.71836   5.11277   0.76848 1.04403e-04   0.80843   0.18026   0.00702   0.00767   0.04881   9.50000   1.01172   0.04125
  10.60200   5.53937  21.03500   7.82716   2.55346   5.06263   0.77240 9.66705e-05   0.82389   0.13516   0.00765   0.00826   0.02935  10.50000   0.99849   0.05877
  10.60200   5.58950  21.03500   7.89799   2.38855   5.01250   0.77626 8.86446e-05   0.83966   0.12691   0.00843   0.00899   0.01926  11.50000   0.99835   0.06849
  10.60200   5.63963  21.03500   7.96883   2.22365   4.96237   0.78006 8.03162e-05   0.85575   0.13995   0.00920   0.00970   0.07213  12.50000   1.02827   0.06944
  10.60200   5.68975  21.03500   8.03966   2.05874   4.91225   0.78380 7.16761e-05   0.87217   0.08690   0.01025   0.01070   0.05208  13.50000   1.02325   0.12336
  10.60200   5.73988  21.03500   8.11049   1.89384   4.86212   0.78748 6.27149e-05   0.88892   0.06386   0.01171   0.01212   0.04975  14.50000   1.00215   0.18696
  10.60200   5.79001  21.03500   8.18133   1.72893   4.81199   0.79111 5.34229e-05   0.90603   0.04434   0.01372   0.01409   0.05653  15.50000   0.96882   0.30380
  10.60200   5.84014  21.03500   8.25216   1.56403   4.76186   0.79469 4.37903e-05   0.92349   0.03414   0.01582   0.01614   0.02630  16.50000   0.96676   0.45239
  10.60200   5.89028  21.03500   8.32299   1.39912   4.71172   0.79821 3.38070e-05   0.94133   0.02156   0.01844   0.01872   0.19617  17.50000   0.97936   0.84399
  10.60200   5.94040  21.03500   8.39383   1.23422   4.66160   0.80167 2.34631e-05   0.95955   0.00226   0.02292   0.02316-442.80967  18.50000   0.94450   9.63381
  10.60200   2.40187  21.03500   3.39386  12.87441   8.20013   0.41072 2.67663e-04   0.22055   3.55876   0.00972   0.01064   0.01717  -9.50000   0.96893   0.00272
  10.60200   2.42841  21.03500   3.43136  12.78710   8.17359   0.41475 2.67545e-04   0.22371   3.55070   0.00975   0.01066   0.01716  -8.50000   0.97537   0.00275
  10.60200   2.45495  21.03500   3.46886  12.69980   8.14705   0.41877 2.67418e-04   0.22690   3.51950   0.00990   0.01079   0.01715  -7.50000   0.97549   0.00282
  10.60200   2.48149  21.03500   3.50636  12.61249   8.12051   0.42277 2.67282e-04   0.23010   3.47853   0.00999   0.01088   0.01716  -6.50000   0.97285   0.00287
  10.60200   2.50803  21.03500   3.54386  12.52519   8.09397   0.42675 2.67137e-04   0.23332   3.45403   0.01007   0.01095   0.01716  -5.50000   0.97478   0.00292
  10.60200   2.53457  21.03500   3.58136  12.43788   8.06743   0.43072 2.66984e-04   0.23657   3.35684   0.01026   0.01115   0.01715  -4.50000   0.95603   0.00300
  10.60200   2.56111  21.03500   3.61886  12.35058   8.04089   0.43468 2.66821e-04   0.23983   3.39622   0.01026   0.01112   0.01715  -3.50000   0.97615   0.00302
  10.60200   2.58765  21.03500   3.65637  12.26327   8.01435   0.43862 2.66648e-04   0.24312   3.39805   0.01027   0.01112   0.01716  -2.50000   0.98574   0.00305
  10.60200   2.61419  21.03500   3.69387  12.17597   7.98781   0.44254 2.66466e-04   0.24643   3.32160   0.01046   0.01131   0.01716  -1.50000   0.97257   0.00314
  10.60200   2.64073  21.03500   3.73137  12.08866   7.96127   0.44645 2.66274e-04   0.24976   3.21792   0.01066   0.01152   0.01715  -0.50000   0.95109   0.00322
  10.60200   2.66727  21.03500   3.76887  12.00136   7.93473   0.45034 2.66072e-04   0.25312   3.25795   0.01079   0.01161   0.01716   0.50000   0.97207   0.00329
  10.60200   2.69381  21.03500   3.80637  11.91406   7.90819   0.45422 2.65859e-04   0.25649   3.22961   0.01094   0.01175   0.01716   1.50000   0.97285   0.00337
  10.60200   2.72035  21.03500   3.84387  11.82675   7.88165   0.45809 2.65635e-04   0.25989   3.14955   0.01122   0.01203   0.01718   2.50000   0.95790   0.00348
  10.60200   2.74689  21.03500   3.88137  11.73945   7.85511   0.46193 2.65401e-04   0.26331   3.18863   0.01129   0.01207   0.01717   3.50000   0.97924   0.00354
  10.60200   2.77343  21.03500   3.91887  11.65214   7.82857   0.46577 2.65155e-04   0.26676   3.14331   0.01142   0.01219   0.01718   4.50000   0.97484   0.00361
  10.60200   2.79997  21.03500   3.95637  11.56484   7.80203   0.46958 2.64898e-04   0.27023   3.13248   0.01153   0.01228   0.01719   5.50000   0.98114   0.00368
  10.60200   2.82651  21.03500   3.99388  11.47753   7.77549   0.47338 2.64630e-04   0.27372   3.05763   0.01184   0.01259   0.01719   6.50000   0.96731   0.00381
  10.60200   2.85305  21.03500   4.03138  11.39023   7.74895   0.47717 2.64349e-04   0.27724   2.97336   0.01204   0.01280   0.01719   7.50000   0.95021   0.00391
  10.60200   2.87959  21.03500   4.06888  11.30292   7.72241   0.48093 2.64056e-04   0.28078   3.02184   0.01205   0.01278   0.01720   8.50000   0.97560   0.00396
  10.60200   2.90613  21.03500   4.10638  11.21562   7.69587   0.48469 2.63751e-04   0.28434   2.97697   0.01229   0.01301   0.01721   9.50000   0.97108   0.00407
  10.60200   2.93267  21.03500   4.14388  11.12831   7.66933   0.48842 2.63433e-04   0.28793   2.93117   0.01246   0.01317   0.01721  10.50000   0.96618   0.00417
  10.60200   2.95921  21.03500   4.18138  11.04101   7.64279   0.49214 2.63102e-04   0.29155   2.90028   0.01272   0.01342   0.01723  11.50000   0.96613   0.00430
  10.60200   2.98575  21.03500   4.21888  10.95370   7.61625   0.49584 2.62757e-04   0.29519   2.90786   0.01291   0.01359   0.01723  12.50000   0.97905   0.00441
  10.60200   3.01229  21.03500   4.25638  10.86640   7.58971   0.49953 2.62399e-04   0.29885   2.80577   0.01324   0.01392   0.01723  13.50000   0.95494   0.00457
  10.60200   3.03883  21.03500   4.29389  10.77909   7.56317   0.50320 2.62027e-04   0.30254   2.81222   0.01337   0.01404   0.01738  14.50000   0.96766   0.00466
  10.60200   3.06537  21.03500   4.33139  10.69179   7.53663   0.50686 2.61641e-04   0.30626   2.74611   0.01382   0.01448   0.01723  15.50000   0.95543   0.00487
  10.60200   3.09191  21.03500   4.36889  10.60449   7.51009   0.51050 2.61240e-04   0.31000   2.74385   0.01396   0.01461   0.01724  16.50000   0.96541   0.00498
  10.60200   3.11845  21.03500   4.40639  10.51718   7.48355   0.51412 2.60824e-04   0.31377   2.73536   0.01419   0.01482   0.01728  17.50000   0.97341   0.00511
  10.60200   3.14499  21.03500   4.44389  10.42988   7.45701   0.51772 2.60393e-04   0.31757   2.67792   0.01462   0.01524   0.01730  18.50000   0.96400   0.00533
  10.60200   3.17153  21.03500   4.48139  10.34257   7.43047   0.52131 2.59947e-04   0.32139   2.60168   0.01496   0.01558   0.01730  19.50000   0.94753   0.00551
  10.60200   3.19807  21.03500   4.51889  10.25527   7.40393   0.52488 2.59485e-04   0.32525   2.62871   0.01515   0.01574   0.01732  20.50000   0.96875   0.00564
  10.60200   3.22461  21.03500   4.55639  10.16796   7.37739   0.52844 2.59006e-04   0.32912   2.59006   0.01546   0.01605   0.01731  21.50000   0.96602   0.00583
  10.60200   2.93582  21.03500   4.14833  11.11795   7.66618   0.48886 2.63394e-04   0.28836   2.99241   0.00692   0.00790   0.01723  -9.50000   0.98759   0.00242
  10.60200   2.96826  21.03500   4.19417  11.01124   7.63374   0.49341 2.62986e-04   0.29279   2.94485   0.00698   0.00795   0.01723  -8.50000   0.98454   0.00247
  10.60200   3.00070  21.03500   4.24001  10.90453   7.60130   0.49792 2.62557e-04   0.29725   2.89716   0.00709   0.00805   0.01723  -7.50000   0.98139   0.00254
  10.60200   3.03314  21.03500   4.28585  10.79781   7.56886   0.50242 2.62108e-04   0.30175   2.84960   0.00718   0.00814   0.01739  -6.50000   0.97822   0.00260
  10.60200   3.06558  21.03500   4.33168  10.69110   7.53642   0.50689 2.61638e-04   0.30629   2.84349   0.00718   0.00812   0.01723  -5.50000   0.98940   0.00264
  10.60200   3.09802  21.03500   4.37752  10.58439   7.50398   0.51133 2.61145e-04   0.31087   2.79929   0.00726   0.00820   0.01725  -4.50000   0.98747   0.00270
  10.60200   3.13046  21.03500   4.42336  10.47767   7.47154   0.51575 2.60631e-04   0.31549   2.72207   0.00739   0.00832   0.01730  -3.50000   0.97372   0.00278
  10.60200   3.16290  21.03500   4.46920  10.37096   7.43910   0.52015 2.60094e-04   0.32015   2.70194   0.00741   0.00833   0.01730  -2.50000   0.98031   0.00283
  10.60200   3.19534  21.03500   4.51504  10.26425   7.40666   0.52452 2.59533e-04   0.32485   2.67694   0.00747   0.00838   0.01731  -1.50000   0.98532   0.00289
  10.60200   3.22778  21.03500   4.56087  10.15753   7.37422   0.52886 2.58948e-04   0.32959   2.60428   0.00765   0.00855   0.01732  -0.50000   0.97271   0.00299
  10.60200   3.26022  21.03500   4.60671  10.05082   7.34178   0.53318 2.58339e-04   0.33437   2.59331   0.00776   0.00863   0.01735   0.50000   0.98315   0.00308
  10.60200   3.29266  21.03500   4.65255   9.94411   7.30934   0.53748 2.57704e-04   0.33920   2.59306   0.00783   0.00868   0.01736   1.50000   0.99807   0.00315
  10.60200   3.32510  21.03500   4.69839   9.83740   7.27690   0.54175 2.57043e-04   0.34407   2.52855   0.00799   0.00884   0.01738   2.50000   0.98836   0.00326
  10.60200   3.35754  21.03500   4.74422   9.73068   7.24446   0.54599 2.56355e-04   0.34898   2.50080   0.00815   0.00897   0.01741   3.50000   0.99297   0.00337
  10.60200   3.38998  21.03500   4.79006   9.62397   7.21202   0.55021 2.55640e-04   0.35394   2.41916   0.00831   0.00913   0.01742   4.50000   0.97604   0.00348
  10.60200   3.42242  21.03500   4.83590   9.51726   7.17958   0.55441 2.54897e-04   0.35894   2.37792   0.00846   0.00927   0.01747   5.50000   0.97516   0.00360
  10.60200   3.45486  21.03500   4.88174   9.41054   7.14714   0.55858 2.54125e-04   0.36398   2.34975   0.00858   0.00938   0.01747   6.50000   0.97973   0.00371
  10.60200   3.48730  21.03500   4.92758   9.30383   7.11470   0.56272 2.53324e-04   0.36908   2.33564   0.00866   0.00944   0.01750   7.50000   0.99044   0.00381
  10.60200   3.51974  21.03500   4.97341   9.19712   7.08226   0.56684 2.52493e-04   0.37422   2.25561   0.00892   0.00969   0.01752   8.50000   0.97314   0.00398
  10.60200   3.55218  21.03500   5.01925   9.09040   7.04982   0.57093 2.51630e-04   0.37940   2.26459   0.00897   0.00972   0.01754   9.50000   0.99435   0.00407
  10.60200   3.58462  21.03500   5.06509   8.98369   7.01738   0.57500 2.50736e-04   0.38464   2.20609   0.00917   0.00990   0.01757  10.50000   0.98619   0.00423
  10.60200   3.61706  21.03500   5.11093   8.87698   6.98494   0.57904 2.49810e-04   0.38992   2.18006   0.00933   0.01005   0.01760  11.50000   0.99253   0.00438
  10.60200   3.64950  21.03500   5.15677   8.77027   6.95250   0.58305 2.48850e-04   0.39526   2.11596   0.00964   0.01035   0.01781  12.50000   0.98151   0.00460
  10.60200   3.68194  21.03500   5.20260   8.66355   6.92006   0.58704 2.47856e-04   0.40064   2.03289   0.00990   0.01060   0.01765  13.50000   0.96113   0.00481
  10.60200   3.71438  21.03500   5.24844   8.55684   6.88762   0.59101 2.46826e-04   0.40607   2.06123   0.00996   0.01063   0.01769  14.50000   0.99368   0.00493
  10.60200   3.74682  21.03500   5.29428   8.45013   6.85518   0.59495 2.45762e-04   0.41156   2.01206   0.01024   0.01090   0.01773  15.50000   0.98946   0.00516
  10.60200   3.77926  21.03500   5.34012   8.34341   6.82274   0.59886 2.44660e-04   0.41709   1.98413   0.01039   0.01104   0.01776  16.50000   0.99576   0.00534
  10.60200   3.81170  21.03500   5.38596   8.23670   6.79030   0.60274 2.43521e-04   0.42268   1.97091   0.01058   0.01120   0.01780  17.50000   1.00987   0.00555
  10.60200   3.84414  21.03500   5.43179   8.12999   6.75786   0.60660 2.42343e-04   0.42833   1.90035   0.01102   0.01164   0.01785  18.50000   0.99458   0.00590
  10.60200   3.87658  21.03500   5.47763   8.02327   6.72542   0.61044 2.41126e-04   0.43402   1.85710   0.01127   0.01188   0.01790  19.50000   0.99326   0.00616
  10.60200   3.90902  21.03500   5.52347   7.91656   6.69298   0.61425 2.39869e-04   0.43978   1.82444   0.01158   0.01217   0.01794  20.50000   0.99770   0.00646
  10.60200   3.94146  21.03500   5.56931   7.80985   6.66054   0.61803 2.38570e-04   0.44559   1.76409   0.01193   0.01252   0.01798  21.50000   0.98685   0.00681
  10.60200   3.55846  21.03500   5.02813   9.06975   7.04354   0.57172 2.51460e-04   0.38041   2.27684   0.00467   0.00602   0.01756  -9.50000   1.00316   0.00233
  10.60200   3.59778  21.03500   5.08369   8.94040   7.00422   0.57664 2.50364e-04   0.38678   2.19954   0.00474   0.00608   0.01759  -8.50000   0.99052   0.00240
  10.60200   3.63710  21.03500   5.13924   8.81106   6.96490   0.58152 2.49221e-04   0.39321   2.16878   0.00479   0.00611   0.01764  -7.50000   0.99880   0.00248
  10.60200   3.67642  21.03500   5.19480   8.68171   6.92558   0.58637 2.48027e-04   0.39972   2.12885   0.00486   0.00616   0.01767  -6.50000   1.00319   0.00257
  10.60200   3.71574  21.03500   5.25036   8.55237   6.88626   0.59117 2.46783e-04   0.40630   2.06825   0.00491   0.00620   0.01770  -5.50000   0.99788   0.00265
  10.60200   3.75506  21.03500   5.30592   8.42302   6.84694   0.59594 2.45485e-04   0.41296   2.03211   0.00497   0.00624   0.01775  -4.50000   1.00444   0.00274
  10.60200   3.79438  21.03500   5.36148   8.29368   6.80762   0.60067 2.44134e-04   0.41969   1.99411   0.00503   0.00627   0.01779  -3.50000   1.01042   0.00283
  10.60200   3.83370  21.03500   5.41704   8.16433   6.76830   0.60536 2.42726e-04   0.42650   1.90967   0.00513   0.00637   0.01778  -2.50000   0.99262   0.00295
  10.60200   3.87302  21.03500   5.47260   8.03499   6.72898   0.61002 2.41262e-04   0.43340   1.85568   0.00522   0.00645   0.01791  -1.50000   0.99014   0.00307
  10.60200   3.91234  21.03500   5.52816   7.90564   6.68966   0.61463 2.39738e-04   0.44037   1.80146   0.00533   0.00654   0.01796  -0.50000   0.98741   0.00321
  10.60200   3.95166  21.03500   5.58372   7.77629   6.65034   0.61921 2.38153e-04   0.44743   1.76497   0.00545   0.00663   0.01801   0.50000   0.99453   0.00336
  10.60200   3.99098  21.03500   5.63928   7.64695   6.61102   0.62375 2.36505e-04   0.45457   1.72296   0.00557   0.00672   0.01807   1.50000   0.99886   0.00351
  10.60200   4.03030  21.03500   5.69484   7.51761   6.57170   0.62825 2.34794e-04   0.46179   1.66188   0.00571   0.00684   0.01812   2.50000   0.99206   0.00370
  10.60200   4.06962  21.03500   5.75040   7.38826   6.53238   0.63272 2.33016e-04   0.46910   1.61588   0.00584   0.00695   0.01820   3.50000   0.99409   0.00388
  10.60200   4.10894  21.03500   5.80596   7.25892   6.49306   0.63714 2.31169e-04   0.47650   1.56582   0.00596   0.00705   0.01826   4.50000   0.99364   0.00407
  10.60200   4.14826  21.03500   5.86152   7.12957   6.45374   0.64153 2.29253e-04   0.48399   1.52893   0.00608   0.00713   0.01835   5.50000   1.00174   0.00427
  10.60200   4.18758  21.03500   5.91708   7.00022   6.41442   0.64588 2.27265e-04   0.49158   1.47985   0.00622   0.00725   0.01846   6.50000   1.00205   0.00451
  10.60200   4.22690  21.03500   5.97264   6.87088   6.37510   0.65019 2.25202e-04   0.49925   1.41692   0.00641   0.00742   0.01855   7.50000   0.99258   0.00479
  10.60200   4.26622  21.03500   6.02820   6.74153   6.33578   0.65446 2.23064e-04   0.50702   1.38346   0.00654   0.00752   0.01866   8.50000   1.00369   0.00504
  10.60200   4.30554  21.03500   6.08375   6.61219   6.29646   0.65869 2.20847e-04   0.51489   1.32907   0.00673   0.00769   0.01877   9.50000   0.99974   0.00536
  10.60200   4.34486  21.03500   6.13931   6.48284   6.25714   0.66289 2.18550e-04   0.52286   1.28156   0.00690   0.00783   0.01889  10.50000   1.00066   0.00569
  10.60200   4.38418  21.03500   6.19487   6.35350   6.21782   0.66704 2.16170e-04   0.53093   1.22861   0.00714   0.00806   0.01903  11.50000   0.99705   0.00610
  10.60200   4.42350  21.03500   6.25043   6.22415   6.17850   0.67116 2.13704e-04   0.53910   1.19366   0.00737   0.00825   0.01916  12.50000   1.00807   0.00653
  10.60200   4.46282  21.03500   6.30599   6.09481   6.13918   0.67524 2.11152e-04   0.54737   1.12750   0.00765   0.00851   0.01928  13.50000   0.99224   0.00704
  10.60200   4.50214  21.03500   6.36155   5.96546   6.09986   0.67929 2.08510e-04   0.55576   1.10379   0.00786   0.00868   0.01940  14.50000   1.01361   0.00753
  10.60200   4.54146  21.03500   6.41711   5.83612   6.06054   0.68329 2.05775e-04   0.56425   1.04239   0.00819   0.00900   0.01955  15.50000   1.00030   0.00818
  10.60200   4.58078  21.03500   6.47267   5.70677   6.02122   0.68726 2.02946e-04   0.57285   0.98341   0.00855   0.00934   0.01970  16.50000   0.98765   0.00891
  10.60200   4.62010  21.03500   6.52823   5.57743   5.98190   0.69118 2.00020e-04   0.58156   0.96194   0.00875   0.00950   0.01988  17.50000   1.01266   0.00954
  10.60200   4.65942  21.03500   6.58379   5.44808   5.94258   0.69508 1.96994e-04   0.59039   0.88996   0.00928   0.01002   0.02005  18.50000   0.98361   0.01059
  10.60200   4.69874  21.03500   6.63935   5.31874   5.90326   0.69893 1.93865e-04   0.59934   0.85869   0.00956   0.01026   0.02023  19.50000   0.99805   0.01144
  10.60200   4.73806  21.03500   6.69491   5.18939   5.86394   0.70274 1.90630e-04   0.60841   0.82555   0.00988   0.01056   0.02048  20.50000   1.01079   0.01245
  10.60200   4.77738  21.03500   6.75047   5.06005   5.82462   0.70652 1.87288e-04   0.61760   0.76928   0.01043   0.01109   0.02070  21.50000   0.99390   0.01383
  10.60200   4.53677  21.03500   6.41048   5.85156   6.06523   0.68281 2.06107e-04   0.56323   1.07412   0.00301   0.00435   0.01954  -9.50000   1.02523   0.00359
  10.60200   4.58689  21.03500   6.48131   5.68666   6.01511   0.68787 2.02498e-04   0.57420   1.00660   0.00308   0.00440   0.01975  -8.50000   1.01823   0.00386
  10.60200   4.63702  21.03500   6.55214   5.52175   5.96498   0.69286 1.98730e-04   0.58535   0.95071   0.00315   0.00445   0.01998  -7.50000   1.02179   0.00416
  10.60200   4.68716  21.03500   6.62298   5.35685   5.91484   0.69780 1.94797e-04   0.59669   0.89839   0.00323   0.00449   0.02026  -6.50000   1.02863   0.00450
  10.60200   4.73729  21.03500   6.69381   5.19194   5.86471   0.70267 1.90695e-04   0.60823   0.84186   0.00330   0.00454   0.02049  -5.50000   1.02967   0.00488
  10.60200   4.78741  21.03500   6.76465   5.02704   5.81459   0.70748 1.86417e-04   0.61997   0.78011   0.00340   0.00462   0.02075  -4.50000   1.02210   0.00534
  10.60200   4.83754  21.03500   6.83548   4.86213   5.76446   0.71223 1.81958e-04   0.63191   0.73232   0.00349   0.00468   0.02106  -3.50000   1.03075   0.00584
  10.60200   4.88768  21.03500   6.90632   4.69722   5.71432   0.71691 1.77310e-04   0.64405   0.66956   0.00362   0.00479   0.02138  -2.50000   1.01535   0.00645
  10.60200   4.93781  21.03500   6.97715   4.53232   5.66419   0.72154 1.72469e-04   0.65642   0.62023   0.00375   0.00488   0.02171  -1.50000   1.01637   0.00714
  10.60200   4.98794  21.03500   7.04798   4.36741   5.61406   0.72611 1.67426e-04   0.66900   0.56869   0.00391   0.00501   0.02218  -0.50000   1.01051   0.00798
  10.60200   5.03806  21.03500   7.11882   4.20251   5.56394   0.73061 1.62177e-04   0.68182   0.52156   0.00411   0.00517   0.02269   0.50000   1.00884   0.00903
  10.60200   5.08819  21.03500   7.18965   4.03761   5.51381   0.73506 1.56713e-04   0.69486   0.48312   0.00428   0.00528   0.02340   1.50000   1.02274   0.01018
  10.60200   5.13832  21.03500   7.26048   3.87270   5.46368   0.73944 1.51028e-04   0.70814   0.43462   0.00451   0.00548   0.02434   2.50000   1.01460   0.01172
  10.60200   5.18845  21.03500   7.33132   3.70780   5.41355   0.74377 1.45114e-04   0.72167   0.39279   0.00474   0.00567   0.02544   3.50000   1.02139   0.01359
  10.60200   5.23858  21.03500   7.40215   3.54289   5.36342   0.74804 1.38964e-04   0.73546   0.34628   0.00501   0.00589   0.02650   4.50000   1.01471   0.01602
  10.60200   5.28871  21.03500   7.47299   3.37798   5.31329   0.75224 1.32571e-04   0.74950   0.30462   0.00533   0.00617   0.02683   5.50000   1.01572   0.01921
  10.60200   5.33885  21.03500   7.54382   3.21308   5.26315   0.75639 1.25926e-04   0.76381   0.26896   0.00565   0.00644   0.02474   6.50000   1.01819   0.02292
  10.60200   5.38898  21.03500   7.61466   3.04817   5.21302   0.76048 1.19022e-04   0.77840   0.24280   0.00610   0.00686   0.01815   7.50000   0.99036   0.02644
  10.60200   5.43911  21.03500   7.68549   2.88327   5.16289   0.76451 1.11851e-04   0.79327   0.25048   0.00651   0.00721   0.04003   8.50000   1.01340   0.02776
  10.60200   5.48923  21.03500   7.75632   2.71836   5.11277   0.76848 1.04403e-04   0.80843   0.18026   0.00702   0.00767   0.04881   9.50000   1.01172   0.04125
  10.60200   5.53937  21.03500   7.82716   2.55346   5.06263   0.77240 9.66705e-05   0.82389   0.13516   0.00765   0.00826   0.02935  10.50000   0.99849   0.05877
  10.60200   5.58950  21.03500   7.89799   2.38855   5.01250   0.77626 8.86446e-05   0.83966   0.12691   0.00843   0.00899   0.01926  11.50000   0.99835   0.06849
  10.60200   5.63963  21.03500   7.96883   2.22365   4.96237   0.78006 8.03162e-05   0.85575   0.13995   0.00920   0.00970   0.07213  12.50000   1.02827   0.06944
  10.60200   5.68975  21.03500   8.03966   2.05874   4.91225   0.78380 7.16761e-05   0.87217   0.08690   0.01025   0.01070   0.05208  13.50000   1.02325   0.12336
  10.60200   5.73988  21.03500   8.11049   1.89384   4.86212   0.78748 6.27149e-05   0.88892   0.06386   0.01171   0.01212   0.04975  14.50000   1.00215   0.18696
  10.60200   5.79001  21.03500   8.18133   1.72893   4.81199   0.79111 5.34229e-05   0.90603   0.04434   0.01372   0.01409   0.05653  15.50000   0.96882   0.30380
  10.60200   5.84014  21.03500   8.25216   1.56403   4.76186   0.79469 4.37903e-05   0.92349   0.03414   0.01582   0.01614   0.02630  16.50000   0.96676   0.45239
  10.60200   5.89028  21.03500   8.32299   1.39912   4.71172   0.79821 3.38070e-05   0.94133   0.02156   0.01844   0.01872   0.19617  17.50000   0.97936   0.84399
  10.60200   5.94040  21.03500   8.39383   1.23422   4.66160   0.80167 2.34631e-05   0.95955   0.00226   0.02292   0.02316-442.80967  18.50000   0.94450   9.63381
