  10.60200   3.14700  20.99500   4.43003  10.43996   7.45500   0.51810 2.61855e-04   0.31666   0.83186   0.00518   0.00868   0.01336  -4.50000   0.98459   0.00716
  10.60200   3.24575  20.99500   4.56903  10.11566   7.35625   0.53136 2.60133e-04   0.33099   0.82209   0.00529   0.00873   0.01302  -1.50000   0.98133   0.00733
  10.60200   3.34449  20.99500   4.70802   9.79138   7.25751   0.54440 2.58179e-04   0.34569   0.81232   0.00542   0.00881   0.01283   1.50000   0.97812   0.00754
  10.60200   3.44322  20.99500   4.84701   9.46712   7.15878   0.55720 2.55975e-04   0.36081   0.81136   0.00558   0.00890   0.01273   4.50000   0.98377   0.00776
  10.60200   3.54194  20.99500   4.98598   9.14289   7.06006   0.56976 2.53501e-04   0.37634   0.81075   0.00576   0.00899   0.01267   7.50000   0.98836   0.00799
  10.60200   3.81126  20.99500   5.36510   8.25838   6.79074   0.60282 2.45204e-04   0.42102   0.79820   0.00315   0.00699   0.01264  -4.50000   0.99327   0.00548
  10.60200   3.93082  20.99500   5.53340   7.86572   6.67118   0.61692 2.40702e-04   0.44201   0.78703   0.00325   0.00703   0.01264  -1.50000   0.99025   0.00563
  10.60200   4.05037  20.99500   5.70169   7.47309   6.55163   0.63067 2.35630e-04   0.46376   0.78137   0.00338   0.00708   0.01263   1.50000   0.99118   0.00579
  10.60200   4.16991  20.99500   5.86997   7.08050   6.43209   0.64406 2.29937e-04   0.48632   0.77298   0.00353   0.00714   0.01263   4.50000   0.99036   0.00599
  10.60200   4.28943  20.99500   6.03823   6.68794   6.31257   0.65710 2.23569e-04   0.50974   0.76731   0.00371   0.00723   0.01263   7.50000   0.99478   0.00624
  10.60200   4.28329  20.99500   6.02958   6.70811   6.31871   0.65644 2.23914e-04   0.50851   0.76606   0.00402   0.00666   0.01262  -4.50000   0.99225   0.00665
  10.60200   4.41764  20.99500   6.21870   6.26689   6.18436   0.67070 2.15919e-04   0.53585   0.75779   0.00424   0.00678   0.01262  -1.50000   0.99232   0.00694
  10.60200   4.55197  20.99500   6.40779   5.82572   6.05003   0.68450 2.06910e-04   0.56441   0.75090   0.00453   0.00697   0.01262   1.50000   0.99465   0.00733
  10.60200   4.68628  20.99500   6.59687   5.38459   5.91572   0.69786 1.96788e-04   0.59425   0.73560   0.00488   0.00721   0.01262   4.50000   0.98449   0.00779
  10.60200   4.82059  20.99500   6.78593   4.94350   5.78141   0.71078 1.85447e-04   0.62548   0.73061   0.00534   0.00756   0.01262   7.50000   0.98812   0.00840
  10.60200   4.79405  20.99500   6.74858   5.03065   5.80795   0.70827 1.87790e-04   0.61920   0.72529   0.00589   0.00837   0.01262  -5.50000   0.97845   0.00905
  10.60200   4.84470  20.99500   6.81987   4.86432   5.75730   0.71306 1.83273e-04   0.63125   0.72863   0.00606   0.00848   0.01262  -4.50000   0.98718   0.00930
  10.60200   4.89534  20.99500   6.89116   4.69800   5.70666   0.71779 1.78564e-04   0.64350   0.72425   0.00624   0.00862   0.01262  -3.50000   0.98560   0.00956
  10.60200   4.94598  20.99500   6.96244   4.53169   5.65602   0.72245 1.73656e-04   0.65598   0.72409   0.00647   0.00881   0.01262  -2.50000   0.98949   0.00988
  10.60200   4.99662  20.99500   7.03373   4.36538   5.60538   0.72705 1.68542e-04   0.66868   0.72596   0.00669   0.00895   0.01262  -1.50000   0.99718   0.01019
  10.60200   5.04725  20.99500   7.10501   4.19908   5.55475   0.73160 1.63216e-04   0.68162   0.71504   0.00694   0.00914   0.01262  -0.50000   0.98727   0.01056
  10.60200   5.09789  20.99500   7.17629   4.03278   5.50411   0.73608 1.57669e-04   0.69479   0.72088   0.00722   0.00937   0.01261   0.50000   0.99965   0.01096
  10.60200   5.14852  20.99500   7.24756   3.86649   5.45348   0.74050 1.51896e-04   0.70821   0.70840   0.00755   0.00965   0.01261   1.50000   0.98358   0.01140
  10.60200   5.19915  20.99500   7.31883   3.70021   5.40285   0.74485 1.45887e-04   0.72187   0.71631   0.00791   0.00996   0.01261   2.50000   0.99077   0.01181
  10.60200   5.24978  20.99500   7.39010   3.53393   5.35222   0.74915 1.39636e-04   0.73580   0.72412   0.00824   0.01022   0.01261   3.50000   0.99141   0.01210
  10.60200   5.30041  20.99500   7.46137   3.36766   5.30159   0.75339 1.33135e-04   0.74999   0.72810   0.00873   0.01067   0.01261   4.50000   0.98149   0.01254
  10.60200   5.35103  20.99500   7.53264   3.20139   5.25097   0.75756 1.26376e-04   0.76445   0.74486   0.00920   0.01107   0.01261   5.50000   0.99642   0.01304
  10.60200   5.40166  20.99500   7.60390   3.03513   5.20034   0.76168 1.19350e-04   0.77919   0.70451   0.00980   0.01161   0.01261   6.50000   0.99984   0.01464
  10.60200   5.45228  20.99500   7.67516   2.86888   5.14972   0.76574 1.12048e-04   0.79423   0.60494   0.01032   0.01209   0.01262   7.50000   0.99019   0.01770
  10.60200   5.50290  20.99500   7.74642   2.70263   5.09910   0.76973 1.04463e-04   0.80956   0.74605   0.01101   0.01270   0.01263   8.50000   0.99882   0.01536
  10.60200   5.39647  20.99500   7.59660   3.05215   5.20553   0.76126 1.20082e-04   0.77767   0.72238   0.00584   0.00776   0.01259  -5.50000   1.01293   0.00925
  10.60200   5.45347  20.99500   7.67683   2.86497   5.14853   0.76583 1.11873e-04   0.79458   0.60455   0.00612   0.00793   0.01259  -4.50000   0.98837   0.01118
  10.60200   5.51046  20.99500   7.75706   2.67779   5.09154   0.77033 1.03305e-04   0.81188   0.76321   0.00652   0.00827   0.01260  -3.50000   0.99330   0.00937
  10.60200   5.56745  20.99500   7.83729   2.49062   5.03455   0.77475 9.43633e-05   0.82956   0.84248   0.00702   0.00870   0.01264  -2.50000   1.00926   0.00917
  10.60200   5.62444  20.99500   7.91751   2.30346   4.97756   0.77909 8.50356e-05   0.84764   0.64588   0.00752   0.00910   0.01273  -1.50000   1.01368   0.01274
  10.60200   5.68143  20.99500   7.99773   2.11630   4.92057   0.78336 7.53084e-05   0.86615   0.73523   0.00817   0.00965   0.01302  -0.50000   1.01138   0.01200
  10.60200   5.73841  20.99500   8.07795   1.92915   4.86359   0.78756 6.51678e-05   0.88509   0.82592   0.00893   0.01033   0.01384   0.50000   0.99006   0.01132
  10.60200   5.79539  20.99500   8.15816   1.74201   4.80661   0.79168 5.45998e-05   0.90447   0.90872   0.01000   0.01131   0.01507   1.50000   0.98428   0.01133
  10.60200   5.85237  20.99500   8.23837   1.55488   4.74963   0.79574 4.35897e-05   0.92432   0.93595   0.01121   0.01241   0.01676   2.50000   0.97862   0.01216
  10.60200   5.90935  20.99500   8.31857   1.36776   4.69265   0.79972 3.21231e-05   0.94465   1.52191   0.01274   0.01385  -0.65707   3.50000   0.95993   0.00827
  10.60200   5.96632  20.99500   8.39878   1.18064   4.63568   0.80362 2.01845e-05   0.96548  39.68944   0.01487   0.01589  -0.02520   4.50000   0.94887   0.00036
  10.60200   2.45495  21.03500   3.46886  12.69980   8.14705   0.41877 2.67418e-04   0.22690   0.85418   0.00766   0.00987   0.01594  -7.50000   0.96908   0.00940
  10.60200   2.53457  21.03500   3.58136  12.43788   8.06743   0.43072 2.66984e-04   0.23657   0.87555   0.00786   0.00999   0.01592  -4.50000   1.00019   0.00967
  10.60200   2.61419  21.03500   3.69387  12.17597   7.98781   0.44254 2.66466e-04   0.24643   0.85929   0.00810   0.01018   0.01590  -1.50000   0.98813   0.00998
  10.60200   2.69381  21.03500   3.80637  11.91406   7.90819   0.45422 2.65859e-04   0.25649   0.86823   0.00847   0.01046   0.01589   1.50000   1.00366   0.01043
  10.60200   2.77343  21.03500   3.91887  11.65214   7.82857   0.46577 2.65155e-04   0.26676   0.84803   0.00885   0.01076   0.01588   4.50000   0.98504   0.01089
  10.60200   2.85305  21.03500   4.03138  11.39023   7.74895   0.47717 2.64349e-04   0.27724   0.85901   0.00926   0.01111   0.01587   7.50000   1.00106   0.01137
  10.60200   2.93267  21.03500   4.14388  11.12831   7.66933   0.48842 2.63433e-04   0.28793   0.84428   0.00970   0.01149   0.01587  10.50000   0.98716   0.01189
  10.60200   3.01229  21.03500   4.25638  10.86640   7.58971   0.49953 2.62399e-04   0.29885   0.84442   0.01024   0.01194   0.01587  13.50000   0.99072   0.01253
  10.60200   3.09191  21.03500   4.36889  10.60449   7.51009   0.51050 2.61240e-04   0.31000   0.82884   0.01092   0.01256   0.01586  16.50000   0.97721   0.01337
  10.60200   3.17153  21.03500   4.48139  10.34257   7.43047   0.52131 2.59947e-04   0.32139   0.82630   0.01164   0.01320   0.01586  19.50000   0.98044   0.01429
  10.60200   3.00070  21.03500   4.24001  10.90453   7.60130   0.49792 2.62557e-04   0.29725   0.84917   0.00533   0.00764   0.01285  -7.50000   0.99594   0.00734
  10.60200   3.09802  21.03500   4.37752  10.58439   7.50398   0.51133 2.61145e-04   0.31087   0.84504   0.00548   0.00773   0.01285  -4.50000   0.99659   0.00752
  10.60200   3.19534  21.03500   4.51504  10.26425   7.40666   0.52452 2.59533e-04   0.32485   0.83629   0.00566   0.00786   0.01284  -1.50000   0.99462   0.00776
  10.60200   3.29266  21.03500   4.65255   9.94411   7.30934   0.53748 2.57704e-04   0.33920   0.82191   0.00595   0.00805   0.01284   1.50000   0.98592   0.00811
  10.60200   3.38998  21.03500   4.79006   9.62397   7.21202   0.55021 2.55640e-04   0.35394   0.82069   0.00628   0.00830   0.01284   4.50000   0.99224   0.00852
  10.60200   3.48730  21.03500   4.92758   9.30383   7.11470   0.56272 2.53324e-04   0.36908   0.81378   0.00660   0.00854   0.01284   7.50000   0.98932   0.00891
  10.60200   3.58462  21.03500   5.06509   8.98369   7.01738   0.57500 2.50736e-04   0.38464   0.80348   0.00696   0.00880   0.01284  10.50000   0.98243   0.00934
  10.60200   3.68194  21.03500   5.20260   8.66355   6.92006   0.58704 2.47856e-04   0.40064   0.80603   0.00746   0.00922   0.01284  13.50000   0.99218   0.00998
  10.60200   3.77926  21.03500   5.34012   8.34341   6.82274   0.59886 2.44660e-04   0.41709   0.79212   0.00794   0.00958   0.01284  16.50000   0.98363   0.01060
  10.60200   3.87658  21.03500   5.47763   8.02327   6.72542   0.61044 2.41126e-04   0.43402   0.77948   0.00863   0.01018   0.01285  19.50000   0.97724   0.01153
  10.60200   3.55846  21.03500   5.02813   9.06975   7.04354   0.57172 2.51460e-04   0.38041   0.80528   0.00641   0.00841   0.01259  -9.50000   0.98286   0.00881
  10.60200   3.59778  21.03500   5.08369   8.94040   7.00422   0.57664 2.50364e-04   0.38678   0.80063   0.00651   0.00852   0.01259  -8.50000   0.97913   0.00894
  10.60200   3.63710  21.03500   5.13924   8.81106   6.96490   0.58152 2.49221e-04   0.39321   0.80286   0.00658   0.00855   0.01259  -7.50000   0.98542   0.00904
  10.60200   3.67642  21.03500   5.19480   8.68171   6.92558   0.58637 2.48027e-04   0.39972   0.79891   0.00668   0.00862   0.01259  -6.50000   0.98300   0.00917
  10.60200   3.71574  21.03500   5.25036   8.55237   6.88626   0.59117 2.46783e-04   0.40630   0.79592   0.00676   0.00868   0.01259  -5.50000   0.98265   0.00928
  10.60200   3.75506  21.03500   5.30592   8.42302   6.84694   0.59594 2.45485e-04   0.41296   0.78931   0.00685   0.00875   0.01259  -4.50000   0.97813   0.00942
  10.60200   3.79438  21.03500   5.36148   8.29368   6.80762   0.60067 2.44134e-04   0.41969   0.78983   0.00692   0.00878   0.01259  -3.50000   0.98261   0.00953
  10.60200   3.83370  21.03500   5.41704   8.16433   6.76830   0.60536 2.42726e-04   0.42650   0.79194   0.00706   0.00891   0.01259  -2.50000   0.98899   0.00971
  10.60200   3.87302  21.03500   5.47260   8.03499   6.72898   0.61002 2.41262e-04   0.43340   0.78679   0.00720   0.00903   0.01259  -1.50000   0.98612   0.00990
  10.60200   3.91234  21.03500   5.52816   7.90564   6.68966   0.61463 2.39738e-04   0.44037   0.78134   0.00735   0.00916   0.01259  -0.50000   0.98225   0.01011
  10.60200   3.95166  21.03500   5.58372   7.77629   6.65034   0.61921 2.38153e-04   0.44743   0.77420   0.00754   0.00930   0.01259   0.50000   0.97614   0.01035
  10.60200   3.99098  21.03500   5.63928   7.64695   6.61102   0.62375 2.36505e-04   0.45457   0.78372   0.00768   0.00939   0.01259   1.50000   0.99086   0.01054
  10.60200   4.03030  21.03500   5.69484   7.51761   6.57170   0.62825 2.34794e-04   0.46179   0.78511   0.00788   0.00956   0.01259   2.50000   0.99500   0.01079
  10.60200   4.06962  21.03500   5.75040   7.38826   6.53238   0.63272 2.33016e-04   0.46910   0.77795   0.00808   0.00972   0.01259   3.50000   0.98894   0.01105
  10.60200   4.10894  21.03500   5.80596   7.25892   6.49306   0.63714 2.31169e-04   0.47650   0.78166   0.00823   0.00984   0.01259   4.50000   0.99655   0.01126
  10.60200   4.14826  21.03500   5.86152   7.12957   6.45374   0.64153 2.29253e-04   0.48399   0.77824   0.00840   0.00996   0.01259   5.50000   0.99565   0.01150
  10.60200   4.18758  21.03500   5.91708   7.00022   6.41442   0.64588 2.27265e-04   0.49158   0.76048   0.00865   0.01019   0.01259   6.50000   0.97709   0.01184
  10.60200   4.22690  21.03500   5.97264   6.87088   6.37510   0.65019 2.25202e-04   0.49925   0.76100   0.00890   0.01042   0.01259   7.50000   0.98129   0.01219
  10.60200   4.26622  21.03500   6.02820   6.74153   6.33578   0.65446 2.23064e-04   0.50702   0.75352   0.00911   0.01058   0.01259   8.50000   0.97563   0.01249
  10.60200   4.30554  21.03500   6.08375   6.61219   6.29646   0.65869 2.20847e-04   0.51489   0.76581   0.00934   0.01076   0.01259   9.50000   0.99481   0.01281
  10.60200   4.34486  21.03500   6.13931   6.48284   6.25714   0.66289 2.18550e-04   0.52286   0.75270   0.00962   0.01101   0.01259  10.50000   0.98095   0.01319
  10.60200   4.38418  21.03500   6.19487   6.35350   6.21782   0.66704 2.16170e-04   0.53093   0.74781   0.00997   0.01133   0.01259  11.50000   0.97733   0.01367
  10.60200   4.42350  21.03500   6.25043   6.22415   6.17850   0.67116 2.13704e-04   0.53910   0.74627   0.01029   0.01160   0.01259  12.50000   0.97767   0.01411
  10.60200   4.46282  21.03500   6.30599   6.09481   6.13918   0.67524 2.11152e-04   0.54737   0.75763   0.01063   0.01191   0.01259  13.50000   0.99635   0.01459
  10.60200   4.50214  21.03500   6.36155   5.96546   6.09986   0.67929 2.08510e-04   0.55576   0.72659   0.01104   0.01228   0.01259  14.50000   0.95863   0.01516
  10.60200   4.54146  21.03500   6.41711   5.83612   6.06054   0.68329 2.05775e-04   0.56425   0.74172   0.01145   0.01265   0.01259  15.50000   0.98242   0.01574
  10.60200   4.58078  21.03500   6.47267   5.70677   6.02122   0.68726 2.02946e-04   0.57285   0.74923   0.01191   0.01308   0.01259  16.50000   0.99594   0.01639
  10.60200   4.62010  21.03500   6.52823   5.57743   5.98190   0.69118 2.00020e-04   0.58156   0.73420   0.01227   0.01338   0.01259  17.50000   0.97896   0.01690
  10.60200   4.65942  21.03500   6.58379   5.44808   5.94258   0.69508 1.96994e-04   0.59039   0.75934   0.01289   0.01397   0.01259  18.50000   1.01528   0.01776
  10.60200   4.69874  21.03500   6.63935   5.31874   5.90326   0.69893 1.93865e-04   0.59934   0.74143   0.01336   0.01440   0.01259  19.50000   0.99405   0.01842
  10.60200   4.73806  21.03500   6.69491   5.18939   5.86394   0.70274 1.90630e-04   0.60841   0.73273   0.01386   0.01486   0.01259  20.50000   0.98484   0.01913
  10.60200   4.77738  21.03500   6.75047   5.06005   5.82462   0.70652 1.87288e-04   0.61760   0.74157   0.01458   0.01555   0.01259  21.50000   0.99985   0.02015
  10.60200   4.53677  21.03500   6.41048   5.85156   6.06523   0.68281 2.06107e-04   0.56323   0.74638   0.00412   0.00618   0.01283  -9.50000   0.98811   0.00685
  10.60200   4.58689  21.03500   6.48131   5.68666   6.01511   0.68787 2.02498e-04   0.57420   0.74468   0.00421   0.00624   0.01283  -8.50000   0.99033   0.00697
  10.60200   4.63702  21.03500   6.55214   5.52175   5.96498   0.69286 1.98730e-04   0.58535   0.74082   0.00431   0.00631   0.01283  -7.50000   0.98905   0.00710
  10.60200   4.68716  21.03500   6.62298   5.35685   5.91484   0.69780 1.94797e-04   0.59669   0.73869   0.00441   0.00636   0.01283  -6.50000   0.98933   0.00723
  10.60200   4.73729  21.03500   6.69381   5.19194   5.86471   0.70267 1.90695e-04   0.60823   0.73654   0.00451   0.00643   0.01283  -5.50000   0.98984   0.00736
  10.60200   4.78741  21.03500   6.76465   5.02704   5.81459   0.70748 1.86417e-04   0.61997   0.73764   0.00464   0.00652   0.01283  -4.50000   0.99537   0.00754
  10.60200   4.83754  21.03500   6.83548   4.86213   5.76446   0.71223 1.81958e-04   0.63191   0.73349   0.00477   0.00660   0.01283  -3.50000   0.99397   0.00770
  10.60200   4.88768  21.03500   6.90632   4.69722   5.71432   0.71691 1.77310e-04   0.64405   0.73564   0.00494   0.00674   0.01283  -2.50000   1.00129   0.00793
  10.60200   4.93781  21.03500   6.97715   4.53232   5.66419   0.72154 1.72469e-04   0.65642   0.72762   0.00511   0.00687   0.01282  -1.50000   0.99458   0.00816
  10.60200   4.98794  21.03500   7.04798   4.36741   5.61406   0.72611 1.67426e-04   0.66900   0.72244   0.00533   0.00704   0.01282  -0.50000   0.99246   0.00845
  10.60200   5.03806  21.03500   7.11882   4.20251   5.56394   0.73061 1.62177e-04   0.68182   0.72554   0.00560   0.00723   0.01282   0.50000   1.00184   0.00881
  10.60200   5.08819  21.03500   7.18965   4.03761   5.51381   0.73506 1.56713e-04   0.69486   0.72029   0.00583   0.00739   0.01283   1.50000   0.99885   0.00912
  10.60200   5.13832  21.03500   7.26048   3.87270   5.46368   0.73944 1.51028e-04   0.70814   0.72408   0.00613   0.00764   0.01283   2.50000   1.00535   0.00951
  10.60200   5.18845  21.03500   7.33132   3.70780   5.41355   0.74377 1.45114e-04   0.72167   0.72306   0.00646   0.00789   0.01283   3.50000   1.00020   0.00987
  10.60200   5.23858  21.03500   7.40215   3.54289   5.36342   0.74804 1.38964e-04   0.73546   0.72622   0.00682   0.00820   0.01283   4.50000   0.99459   0.01022
  10.60200   5.28871  21.03500   7.47299   3.37798   5.31329   0.75224 1.32571e-04   0.74950   0.74893   0.00723   0.00853   0.01283   5.50000   1.01010   0.01057
  10.60200   5.33885  21.03500   7.54382   3.21308   5.26315   0.75639 1.25926e-04   0.76381   0.74866   0.00767   0.00891   0.01284   6.50000   1.00120   0.01103
  10.60200   5.38898  21.03500   7.61466   3.04817   5.21302   0.76048 1.19022e-04   0.77840   0.72262   0.00825   0.00943   0.01285   7.50000   1.01907   0.01239
  10.60200   5.43911  21.03500   7.68549   2.88327   5.16289   0.76451 1.11851e-04   0.79327   0.61173   0.00882   0.00992   0.01286   8.50000   1.00029   0.01524
  10.60200   5.48923  21.03500   7.75632   2.71836   5.11277   0.76848 1.04403e-04   0.80843   0.73426   0.00950   0.01054   0.01288   9.50000   0.99869   0.01356
  10.60200   5.53937  21.03500   7.82716   2.55346   5.06263   0.77240 9.66705e-05   0.82389   0.84894   0.01031   0.01127   0.01292  10.50000   1.01462   0.01283
  10.60200   5.58950  21.03500   7.89799   2.38855   5.01250   0.77626 8.86446e-05   0.83966   0.76557   0.01132   0.01221   0.01302  11.50000   1.00876   0.01544
  10.60200   5.63963  21.03500   7.96883   2.22365   4.96237   0.78006 8.03162e-05   0.85575   0.58274   0.01238   0.01319   0.01336  12.50000   0.97642   0.02135
  10.60200   5.68975  21.03500   8.03966   2.05874   4.91225   0.78380 7.16761e-05   0.87217   0.76438   0.01368   0.01442   0.01427  13.50000   0.97381   0.01785
  10.60200   5.73988  21.03500   8.11049   1.89384   4.86212   0.78748 6.27149e-05   0.88892   0.83651   0.01543   0.01610   0.01517  14.50000   0.99174   0.01864
  10.60200   5.79001  21.03500   8.18133   1.72893   4.81199   0.79111 5.34229e-05   0.90603   0.93499   0.01778   0.01839   0.01501  15.50000   0.99940   0.01929
  10.60200   5.84014  21.03500   8.25216   1.56403   4.76186   0.79469 4.37903e-05   0.92349   0.92571   0.02038   0.02093   0.01655  16.50000   0.96012   0.02138
  10.60200   5.89028  21.03500   8.32299   1.39912   4.71172   0.79821 3.38070e-05   0.94133   1.14120   0.02350   0.02399   0.02277  17.50000   0.92330   0.01918
  10.60200   5.94040  21.03500   8.39383   1.23422   4.66160   0.80167 2.34631e-05   0.95955   8.67461   0.02828   0.02871  -0.11528  18.50000   0.92894   0.00305
  10.60200   2.27365  24.98000   4.50984  11.99904   8.32835   0.38352 1.68960e-04   0.28856   0.83551   0.00653   0.00822   0.01352  -7.50000   0.98483   0.00857
  10.60200   2.34739  24.98000   4.65610  11.71440   8.25461   0.39459 1.67646e-04   0.30058   0.83578   0.00674   0.00837   0.01350  -4.50000   0.98967   0.00883
  10.60200   2.42113  24.98000   4.80237  11.42976   8.18087   0.40555 1.66252e-04   0.31282   0.84172   0.00703   0.00863   0.01349  -1.50000   1.00256   0.00919
  10.60200   2.49487  24.98000   4.94863  11.14512   8.10713   0.41640 1.64774e-04   0.32528   0.81957   0.00739   0.00891   0.01348   1.50000   0.98314   0.00963
  10.60200   2.56861  24.98000   5.09490  10.86047   8.03339   0.42714 1.63206e-04   0.33797   0.81827   0.00778   0.00923   0.01347   4.50000   0.98910   0.01013
  10.60200   2.64235  24.98000   5.24116  10.57583   7.95965   0.43775 1.61545e-04   0.35089   0.82235   0.00817   0.00955   0.01347   7.50000   1.00181   0.01064
  10.60200   2.71609  24.98000   5.38743  10.29119   7.88591   0.44825 1.59785e-04   0.36406   0.81760   0.00867   0.00998   0.01347  10.50000   1.00237   0.01128
  10.60200   2.78983  24.98000   5.53369  10.00655   7.81217   0.45862 1.57921e-04   0.37747   0.80391   0.00919   0.01043   0.01347  13.50000   0.99055   0.01195
  10.60200   2.86357  24.98000   5.67996   9.72191   7.73843   0.46888 1.55950e-04   0.39114   0.80949   0.00985   0.01101   0.01347  16.50000   1.00221   0.01278
  10.60200   2.93731  24.98000   5.82622   9.43727   7.66469   0.47901 1.53864e-04   0.40507   0.78553   0.01057   0.01168   0.01346  19.50000   0.97872   0.01373
  10.60200   2.72782  24.98000   5.41070  10.24589   7.87418   0.44991 1.59495e-04   0.36618   0.79818   0.00471   0.00698   0.01276  -7.50000   0.97943   0.00700
  10.60200   2.81629  24.98000   5.58619   9.90439   7.78571   0.46232 1.57226e-04   0.38235   0.79545   0.00490   0.00710   0.01276  -4.50000   0.98168   0.00722
  10.60200   2.90476  24.98000   5.76167   9.56289   7.69724   0.47455 1.54799e-04   0.39889   0.79762   0.00512   0.00727   0.01276  -1.50000   0.99070   0.00748
  10.60200   2.99323  24.98000   5.93715   9.22139   7.60877   0.48661 1.52202e-04   0.41582   0.78938   0.00543   0.00746   0.01276   1.50000   0.98840   0.00786
  10.60200   3.08170  24.98000   6.11263   8.87989   7.52030   0.49848 1.49427e-04   0.43315   0.78327   0.00583   0.00778   0.01276   4.50000   0.99053   0.00836
  10.60200   3.17018  24.98000   6.28811   8.53839   7.43182   0.51018 1.46463e-04   0.45089   0.76724   0.00616   0.00799   0.01276   7.50000   0.97854   0.00879
  10.60200   3.25864  24.98000   6.46360   8.19689   7.34336   0.52169 1.43300e-04   0.46905   0.76023   0.00665   0.00839   0.01276  10.50000   0.97612   0.00942
  10.60200   3.34711  24.98000   6.63908   7.85539   7.25489   0.53301 1.39924e-04   0.48766   0.76804   0.00721   0.00884   0.01276  13.50000   0.99383   0.01015
  10.60200   3.43558  24.98000   6.81456   7.51389   7.16642   0.54415 1.36325e-04   0.50673   0.75454   0.00792   0.00944   0.01276  16.50000   0.98538   0.01110
  10.60200   3.52405  24.98000   6.99004   7.17239   7.07795   0.55510 1.32491e-04   0.52628   0.74857   0.00867   0.01007   0.01276  19.50000   0.98608   0.01214
  10.60200   3.11410  24.98000   6.17690   8.75483   7.48790   0.50279 1.48364e-04   0.43959   0.77629   0.00552   0.00709   0.01270  -9.50000   0.98498   0.00816
  10.60200   3.14852  24.98000   6.24515   8.62200   7.45348   0.50733 1.47207e-04   0.44650   0.77358   0.00559   0.00715   0.01270  -8.50000   0.98491   0.00827
  10.60200   3.18293  24.98000   6.31340   8.48918   7.41907   0.51185 1.46020e-04   0.45348   0.77570   0.00569   0.00723   0.01270  -7.50000   0.99029   0.00840
  10.60200   3.21733  24.98000   6.38166   8.35635   7.38467   0.51634 1.44803e-04   0.46051   0.77742   0.00579   0.00730   0.01270  -6.50000   0.99501   0.00852
  10.60200   3.25175  24.98000   6.44991   8.22353   7.35025   0.52080 1.43554e-04   0.46762   0.76804   0.00587   0.00736   0.01270  -5.50000   0.98525   0.00863
  10.60200   3.28616  24.98000   6.51816   8.09070   7.31584   0.52523 1.42273e-04   0.47479   0.76918   0.00597   0.00743   0.01270  -4.50000   0.99001   0.00876
  10.60200   3.32056  24.98000   6.58642   7.95788   7.28144   0.52963 1.40960e-04   0.48203   0.76543   0.00609   0.00753   0.01270  -3.50000   0.98788   0.00892
  10.60200   3.35497  24.98000   6.65467   7.82505   7.24703   0.53401 1.39614e-04   0.48934   0.76051   0.00619   0.00761   0.01270  -2.50000   0.98451   0.00906
  10.60200   3.38939  24.98000   6.72292   7.69223   7.21261   0.53836 1.38233e-04   0.49671   0.76664   0.00633   0.00773   0.01270  -1.50000   0.99602   0.00924
  10.60200   3.42379  24.98000   6.79118   7.55940   7.17821   0.54268 1.36818e-04   0.50416   0.76183   0.00650   0.00787   0.01270  -0.50000   0.99410   0.00947
  10.60200   3.45820  24.98000   6.85943   7.42658   7.14380   0.54697 1.35368e-04   0.51168   0.75933   0.00667   0.00800   0.01270   0.50000   0.99407   0.00970
  10.60200   3.49262  24.98000   6.92768   7.29375   7.10938   0.55123 1.33881e-04   0.51927   0.75048   0.00682   0.00811   0.01270   1.50000   0.98593   0.00990
  10.60200   3.52702  24.98000   6.99593   7.16093   7.07498   0.55547 1.32358e-04   0.52694   0.75791   0.00705   0.00831   0.01269   2.50000   0.99854   0.01021
  10.60200   3.56143  24.98000   7.06419   7.02810   7.04057   0.55968 1.30796e-04   0.53468   0.75006   0.00725   0.00848   0.01270   3.50000   0.99077   0.01047
  10.60200   3.59584  24.98000   7.13244   6.89528   7.00616   0.56385 1.29196e-04   0.54250   0.74734   0.00746   0.00866   0.01270   4.50000   0.98930   0.01074
  10.60200   3.63025  24.98000   7.20069   6.76245   6.97175   0.56800 1.27557e-04   0.55039   0.75724   0.00766   0.00882   0.01270   5.50000   1.00554   0.01102
  10.60200   3.66467  24.98000   7.26895   6.62963   6.93733   0.57212 1.25877e-04   0.55837   0.73552   0.00786   0.00900   0.01270   6.50000   0.97931   0.01128
  10.60200   3.69908  24.98000   7.33720   6.49680   6.90292   0.57622 1.24157e-04   0.56642   0.73214   0.00812   0.00923   0.01270   7.50000   0.97806   0.01164
  10.60200   3.73349  24.98000   7.40545   6.36398   6.86851   0.58028 1.22394e-04   0.57455   0.73050   0.00836   0.00943   0.01269   8.50000   0.97884   0.01198
  10.60200   3.76790  24.98000   7.47371   6.23115   6.83410   0.58432 1.20589e-04   0.58277   0.73263   0.00869   0.00973   0.01269   9.50000   0.98469   0.01243
  10.60200   3.80230  24.98000   7.54196   6.09833   6.79970   0.58832 1.18740e-04   0.59107   0.73690   0.00898   0.00999   0.01269  10.50000   0.99301   0.01283
  10.60200   3.83672  24.98000   7.61021   5.96550   6.76528   0.59230 1.16846e-04   0.59945   0.73320   0.00936   0.01034   0.01269  11.50000   0.99017   0.01334
  10.60200   3.87112  24.98000   7.67846   5.83268   6.73088   0.59625 1.14907e-04   0.60792   0.73588   0.00971   0.01064   0.01269  12.50000   0.99538   0.01381
  10.60200   3.90554  24.98000   7.74672   5.69985   6.69646   0.60017 1.12922e-04   0.61647   0.72704   0.01008   0.01100   0.01269  13.50000   0.98598   0.01433
  10.60200   3.93994  24.98000   7.81497   5.56703   6.66206   0.60406 1.10889e-04   0.62512   0.72513   0.01049   0.01136   0.01269  14.50000   0.98531   0.01488
  10.60200   3.97435  24.98000   7.88322   5.43420   6.62765   0.60792 1.08807e-04   0.63385   0.71812   0.01091   0.01174   0.01269  15.50000   0.97823   0.01547
  10.60200   4.00876  24.98000   7.95148   5.30138   6.59324   0.61176 1.06677e-04   0.64267   0.73114   0.01149   0.01231   0.01269  16.50000   0.99760   0.01627
  10.60200   4.04317  24.98000   8.01973   5.16855   6.55883   0.61556 1.04496e-04   0.65159   0.72397   0.01205   0.01283   0.01269  17.50000   0.98920   0.01703
  10.60200   4.07758  24.98000   8.08798   5.03573   6.52442   0.61934 1.02264e-04   0.66060   0.72696   0.01258   0.01332   0.01269  18.50000   0.99448   0.01775
  10.60200   4.11199  24.98000   8.15624   4.90290   6.49001   0.62308 9.99790e-05   0.66971   0.69974   0.01315   0.01386   0.01269  19.50000   0.95872   0.01854
  10.60200   4.14641  24.98000   8.22449   4.77008   6.45559   0.62680 9.76410e-05   0.67891   0.73052   0.01395   0.01464   0.01269  20.50000   1.00223   0.01965
  10.60200   4.18082  24.98000   8.29274   4.63725   6.42118   0.63049 9.52484e-05   0.68821   0.71310   0.01467   0.01533   0.01269  21.50000   0.97980   0.02064
  10.60200   3.91412  24.98000   7.76376   5.66670   6.68788   0.60114 1.12419e-04   0.61862   0.72509   0.00491   0.00642   0.01262  -9.50000   0.98364   0.00798
  10.60200   3.95737  24.98000   7.84954   5.49975   6.64463   0.60602 1.09841e-04   0.62953   0.72782   0.00505   0.00653   0.01262  -8.50000   0.98986   0.00816
  10.60200   4.00062  24.98000   7.93533   5.33280   6.60138   0.61085 1.07185e-04   0.64058   0.71872   0.00522   0.00666   0.01262  -7.50000   0.98035   0.00837
  10.60200   4.04387  24.98000   8.02112   5.16585   6.55813   0.61564 1.04451e-04   0.65177   0.72048   0.00539   0.00678   0.01262  -6.50000   0.98445   0.00858
  10.60200   4.08712  24.98000   8.10690   4.99890   6.51488   0.62038 1.01636e-04   0.66312   0.72478   0.00559   0.00694   0.01262  -5.50000   0.99172   0.00882
  10.60200   4.13037  24.98000   8.19269   4.83196   6.47163   0.62507 9.87369e-05   0.67461   0.71492   0.00578   0.00709   0.01262  -4.50000   0.98023   0.00907
  10.60200   4.17362  24.98000   8.27848   4.66501   6.42838   0.62972 9.57529e-05   0.68626   0.71727   0.00601   0.00728   0.01262  -3.50000   0.98518   0.00936
  10.60200   4.21688  24.98000   8.36427   4.49806   6.38512   0.63433 9.26815e-05   0.69807   0.72001   0.00627   0.00749   0.01262  -2.50000   0.99124   0.00969
  10.60200   4.26012  24.98000   8.45005   4.33111   6.34188   0.63889 8.95205e-05   0.71004   0.71764   0.00658   0.00776   0.01262  -1.50000   0.98947   0.01009
  10.60200   4.30337  24.98000   8.53584   4.16416   6.29863   0.64340 8.62677e-05   0.72217   0.71421   0.00697   0.00809   0.01262  -0.50000   0.98673   0.01059
  10.60200   4.34662  24.98000   8.62163   3.99722   6.25538   0.64787 8.29208e-05   0.73448   0.71280   0.00735   0.00842   0.01263   0.50000   0.98600   0.01108
  10.60200   4.38988  24.98000   8.70742   3.83027   6.21212   0.65229 7.94775e-05   0.74695   0.72341   0.00778   0.00879   0.01263   1.50000   0.99816   0.01160
  10.60200   4.43312  24.98000   8.79320   3.66332   6.16888   0.65667 7.59356e-05   0.75960   0.71704   0.00829   0.00924   0.01264   2.50000   0.98151   0.01215
  10.60200   4.47637  24.98000   8.87899   3.49637   6.12563   0.66100 7.22924e-05   0.77242   0.72900   0.00886   0.00976   0.01265   3.50000   0.98183   0.01267
  10.60200   4.51962  24.98000   8.96478   3.32942   6.08238   0.66529 6.85457e-05   0.78543   0.74062   0.00950   0.01035   0.01265   4.50000   0.97810   0.01323
  10.60200   4.56287  24.98000   9.05057   3.16248   6.03913   0.66953 6.46929e-05   0.79862   0.74961   0.01019   0.01097   0.01268   5.50000   0.98591   0.01403
  10.60200   4.60612  24.98000   9.13635   2.99553   5.99588   0.67373 6.07316e-05   0.81201   0.69826   0.01096   0.01169   0.01271   6.50000   1.00374   0.01639
  10.60200   4.64937  24.98000   9.22214   2.82858   5.95263   0.67788 5.66591e-05   0.82559   0.64383   0.01187   0.01255   0.01274   7.50000   0.97461   0.01859
  10.60200   4.69262  24.98000   9.30793   2.66163   5.90938   0.68198 5.24729e-05   0.83937   0.81143   0.01292   0.01355   0.01280   8.50000   0.97633   0.01601
  10.60200   4.73588  24.98000   9.39372   2.49468   5.86612   0.68605 4.81703e-05   0.85335   0.86635   0.01420   0.01478   0.01292   9.50000   0.97916   0.01645
  10.60200   4.77912  24.98000   9.47950   2.32774   5.82288   0.69007 4.37486e-05   0.86754   0.69947   0.01559   0.01612   0.01316  10.50000   0.97859   0.02225
  10.60200   4.82237  24.98000   9.56529   2.16079   5.77963   0.69404 3.92051e-05   0.88194   0.70080   0.01739   0.01787   0.01381  11.50000   0.96942   0.02445
  10.60200   4.86562  24.98000   9.65108   1.99384   5.73638   0.69797 3.45369e-05   0.89656   0.85571   0.01950   0.01993   0.01510  12.50000   0.93677   0.02163
  10.60200   4.90887  24.98000   9.73686   1.82689   5.69313   0.70185 2.97412e-05   0.91140   1.00988   0.02219   0.02257   0.01584  13.50000   1.00682   0.02235
  10.60200   4.95212  24.98000   9.82265   1.65995   5.64988   0.70569 2.48152e-05   0.92647   1.08516   0.02503   0.02537   0.01620  14.50000   0.93654   0.02178
  10.60200   4.99537  24.98000   9.90844   1.49300   5.60663   0.70949 1.97559e-05   0.94177   0.91791   0.02907   0.02938   0.01909  15.50000   0.87584   0.02791
  10.60200   5.03862  24.98000   9.99423   1.32605   5.56338   0.71324 1.45604e-05   0.95731   2.32296   0.03397   0.03425  -0.43049  16.50000   0.80432   0.01182
  10.60200   5.08187  24.98000  10.08001   1.15910   5.52013   0.71695 9.22579e-06   0.97309 159.80417   0.04071   0.04094  -0.00626  17.50000   0.84817   0.00022
  10.60200   1.81855  28.99000   4.83147  12.53142   8.78345   0.30599 1.17418e-04   0.29313   0.84024   0.00687   0.00822   0.01391  -7.50000   0.99900   0.00900
  10.60200   1.87753  28.99000   4.98817  12.26405   8.72447   0.31512 1.16253e-04   0.30468   0.84324   0.00714   0.00844   0.01380  -4.50000   1.00741   0.00933
  10.60200   1.93651  28.99000   5.14486  11.99667   8.66549   0.32419 1.15046e-04   0.31639   0.82576   0.00747   0.00873   0.01373  -1.50000   0.99261   0.00975
  10.60200   1.99549  28.99000   5.30156  11.72930   8.60651   0.33319 1.13795e-04   0.32826   0.81669   0.00788   0.00907   0.01369   1.50000   0.98884   0.01027
  10.60200   2.05447  28.99000   5.45825  11.46192   8.54753   0.34213 1.12498e-04   0.34029   0.80838   0.00833   0.00945   0.01366   4.50000   0.98598   0.01084
  10.60200   2.11345  28.99000   5.61495  11.19455   8.48855   0.35100 1.11154e-04   0.35250   0.81441   0.00884   0.00991   0.01364   7.50000   1.00095   0.01151
  10.60200   2.17243  28.99000   5.77165  10.92717   8.42957   0.35980 1.09760e-04   0.36487   0.81999   0.00933   0.01033   0.01362  10.50000   1.01385   0.01214
  10.60200   2.23141  28.99000   5.92834  10.65980   8.37059   0.36853 1.08316e-04   0.37741   0.78616   0.00995   0.01091   0.01361  13.50000   0.97733   0.01295
  10.60200   2.29039  28.99000   6.08504  10.39242   8.31161   0.37719 1.06820e-04   0.39014   0.78467   0.01074   0.01164   0.01361  16.50000   0.97986   0.01395
  10.60200   2.34937  28.99000   6.24173  10.12505   8.25263   0.38577 1.05269e-04   0.40305   0.79279   0.01151   0.01235   0.01360  19.50000   0.99535   0.01496
  10.60200   2.18208  28.99000   5.79727  10.88345   8.41992   0.36123 1.09528e-04   0.36691   0.81039   0.00515   0.00682   0.01276  -7.50000   1.00341   0.00764
  10.60200   2.25284  28.99000   5.98529  10.56263   8.34916   0.37168 1.07779e-04   0.38202   0.80088   0.00537   0.00698   0.01275  -4.50000   0.99730   0.00790
  10.60200   2.32362  28.99000   6.17331  10.24180   8.27838   0.38203 1.05953e-04   0.39739   0.80140   0.00564   0.00719   0.01274  -1.50000   1.00392   0.00822
  10.60200   2.39438  28.99000   6.36133   9.92098   8.20762   0.39228 1.04047e-04   0.41302   0.79225   0.00598   0.00744   0.01273   1.50000   0.99904   0.00863
  10.60200   2.46515  28.99000   6.54935   9.60016   8.13685   0.40242 1.02058e-04   0.42893   0.78393   0.00637   0.00775   0.01273   4.50000   0.99739   0.00914
  10.60200   2.53593  28.99000   6.73737   9.27934   8.06607   0.41246 9.99820e-05   0.44511   0.77406   0.00678   0.00808   0.01273   7.50000   0.99309   0.00966
  10.60200   2.60669  28.99000   6.92539   8.95851   7.99531   0.42238 9.78157e-05   0.46158   0.78172   0.00729   0.00850   0.01273  10.50000   1.00969   0.01031
  10.60200   2.67746  28.99000   7.11341   8.63769   7.92454   0.43220 9.55552e-05   0.47835   0.76871   0.00786   0.00900   0.01272  13.50000   0.99875   0.01106
  10.60200   2.74824  28.99000   7.30143   8.31687   7.85376   0.44191 9.31968e-05   0.49542   0.75994   0.00862   0.00968   0.01272  16.50000   0.99454   0.01206
  10.60200   2.81900  28.99000   7.48945   7.99605   7.78300   0.45151 9.07365e-05   0.51280   0.74347   0.00942   0.01040   0.01272  19.50000   0.98119   0.01317
  10.60200   2.66884  28.99000   7.09051   8.67677   7.93316   0.43101 9.58357e-05   0.47629   0.76889   0.00521   0.00659   0.01277  -9.50000   0.99853   0.00802
  10.60200   2.69833  28.99000   7.16885   8.54308   7.90367   0.43508 9.48701e-05   0.48335   0.76562   0.00529   0.00666   0.01277  -8.50000   0.99686   0.00813
  10.60200   2.72782  28.99000   7.24720   8.40939   7.87418   0.43912 9.38873e-05   0.49046   0.76540   0.00540   0.00674   0.01277  -7.50000   0.99957   0.00827
  10.60200   2.75731  28.99000   7.32555   8.27571   7.84469   0.44315 9.28869e-05   0.49763   0.76027   0.00548   0.00680   0.01277  -6.50000   0.99579   0.00838
  10.60200   2.78680  28.99000   7.40390   8.14202   7.81520   0.44716 9.18688e-05   0.50485   0.75754   0.00557   0.00687   0.01276  -5.50000   0.99589   0.00851
  10.60200   2.81629  28.99000   7.48225   8.00833   7.78571   0.45114 9.08327e-05   0.51212   0.76400   0.00569   0.00696   0.01276  -4.50000   1.00803   0.00867
  10.60200   2.84578  28.99000   7.56060   7.87464   7.75622   0.45511 8.97781e-05   0.51945   0.75625   0.00579   0.00704   0.01276  -3.50000   1.00070   0.00881
  10.60200   2.87527  28.99000   7.63894   7.74096   7.72673   0.45906 8.87048e-05   0.52684   0.75455   0.00593   0.00716   0.01276  -2.50000   1.00133   0.00900
  10.60200   2.90477  28.99000   7.71729   7.60727   7.69723   0.46299 8.76126e-05   0.53428   0.75179   0.00607   0.00727   0.01276  -1.50000   1.00055   0.00917
  10.60200   2.93425  28.99000   7.79564   7.47358   7.66775   0.46690 8.65011e-05   0.54178   0.75121   0.00624   0.00742   0.01276  -0.50000   1.00168   0.00939
  10.60200   2.96374  28.99000   7.87399   7.33989   7.63826   0.47079 8.53700e-05   0.54934   0.74047   0.00641   0.00755   0.01276   0.50000   0.99001   0.00960
  10.60200   2.99323  28.99000   7.95234   7.20621   7.60877   0.47466 8.42189e-05   0.55696   0.74485   0.00659   0.00770   0.01276   1.50000   0.99816   0.00984
  10.60200   3.02272  28.99000   8.03068   7.07252   7.57928   0.47851 8.30476e-05   0.56463   0.74670   0.00680   0.00788   0.01276   2.50000   1.00350   0.01012
  10.60200   3.05221  28.99000   8.10903   6.93883   7.54979   0.48233 8.18558e-05   0.57237   0.75291   0.00702   0.00806   0.01276   3.50000   1.01451   0.01040
  10.60200   3.08170  28.99000   8.18738   6.80514   7.52030   0.48614 8.06430e-05   0.58016   0.73816   0.00723   0.00825   0.01276   4.50000   0.99765   0.01069
  10.60200   3.11119  28.99000   8.26573   6.67146   7.49081   0.48993 7.94090e-05   0.58802   0.73345   0.00742   0.00841   0.01276   5.50000   0.99353   0.01095
  10.60200   3.14069  28.99000   8.34408   6.53777   7.46131   0.49370 7.81534e-05   0.59594   0.73900   0.00769   0.00865   0.01276   6.50000   1.00358   0.01131
  10.60200   3.17018  28.99000   8.42243   6.40408   7.43182   0.49745 7.68759e-05   0.60392   0.73071   0.00796   0.00889   0.01276   7.50000   0.99355   0.01166
  10.60200   3.19967  28.99000   8.50077   6.27039   7.40233   0.50118 7.55761e-05   0.61197   0.73320   0.00825   0.00915   0.01276   8.50000   0.99922   0.01205
  10.60200   3.22916  28.99000   8.57912   6.13671   7.37284   0.50489 7.42538e-05   0.62008   0.73866   0.00857   0.00943   0.01276   9.50000   1.00806   0.01247
  10.60200   3.25864  28.99000   8.65747   6.00302   7.34336   0.50858 7.29084e-05   0.62826   0.72328   0.00890   0.00974   0.01276  10.50000   0.98880   0.01291
  10.60200   3.28813  28.99000   8.73582   5.86933   7.31387   0.51225 7.15397e-05   0.63650   0.72517   0.00920   0.01001   0.01276  11.50000   0.99285   0.01333
  10.60200   3.31762  28.99000   8.81417   5.73564   7.28438   0.51590 7.01474e-05   0.64481   0.74381   0.00964   0.01041   0.01276  12.50000   1.01975   0.01391
  10.60200   3.34711  28.99000   8.89251   5.60196   7.25489   0.51952 6.87310e-05   0.65318   0.72018   0.01010   0.01085   0.01276  13.50000   0.98839   0.01453
  10.60200   3.37660  28.99000   8.97086   5.46827   7.22540   0.52313 6.72901e-05   0.66163   0.72528   0.01060   0.01132   0.01276  14.50000   0.99607   0.01520
  10.60200   3.40609  28.99000   9.04921   5.33458   7.19591   0.52672 6.58244e-05   0.67014   0.70543   0.01106   0.01175   0.01276  15.50000   0.96890   0.01582
  10.60200   3.43558  28.99000   9.12756   5.20089   7.16642   0.53028 6.43336e-05   0.67872   0.70801   0.01154   0.01220   0.01276  16.50000   0.97273   0.01645
  10.60200   3.46507  28.99000   9.20591   5.06721   7.13693   0.53383 6.28171e-05   0.68738   0.72234   0.01218   0.01281   0.01276  17.50000   0.99269   0.01730
  10.60200   3.49456  28.99000   9.28425   4.93352   7.10744   0.53735 6.12747e-05   0.69611   0.71023   0.01286   0.01347   0.01276  18.50000   0.97589   0.01822
  10.60200   3.52405  28.99000   9.36260   4.79983   7.07795   0.54086 5.97059e-05   0.70490   0.72779   0.01350   0.01408   0.01276  19.50000   0.99986   0.01907
  10.60200   3.55354  28.99000   9.44095   4.66614   7.04846   0.54434 5.81104e-05   0.71378   0.71755   0.01426   0.01481   0.01276  20.50000   0.98539   0.02007
  10.60200   3.58303  28.99000   9.51930   4.53246   7.01897   0.54781 5.64877e-05   0.72272   0.72886   0.01533   0.01586   0.01277  21.50000   1.00107   0.02153
  10.60200   3.29149  28.99000   8.74472   5.85414   7.31051   0.51266 7.13828e-05   0.63744   0.72447   0.00637   0.00770   0.01270  -9.50000   0.99201   0.00989
  10.60200   3.32786  28.99000   8.84135   5.68927   7.27414   0.51716 6.96588e-05   0.64771   0.72772   0.00663   0.00793   0.01270  -8.50000   0.99808   0.01022
  10.60200   3.36423  28.99000   8.93797   5.52439   7.23777   0.52162 6.78980e-05   0.65807   0.71382   0.00687   0.00813   0.01270  -7.50000   0.98015   0.01053
  10.60200   3.40060  28.99000   9.03460   5.35951   7.20140   0.52605 6.60997e-05   0.66855   0.73391   0.00714   0.00835   0.01270  -6.50000   1.00799   0.01087
  10.60200   3.43696  28.99000   9.13122   5.19464   7.16504   0.53045 6.42632e-05   0.67913   0.71597   0.00744   0.00861   0.01270  -5.50000   0.98369   0.01124
  10.60200   3.47334  28.99000   9.22785   5.02976   7.12866   0.53482 6.23877e-05   0.68982   0.71412   0.00773   0.00886   0.01270  -4.50000   0.98136   0.01160
  10.60200   3.50971  28.99000   9.32448   4.86488   7.09229   0.53916 6.04726e-05   0.70061   0.72309   0.00812   0.00920   0.01270  -3.50000   0.99364   0.01209
  10.60200   3.54608  28.99000   9.42111   4.70001   7.05592   0.54346 5.85171e-05   0.71152   0.71299   0.00851   0.00956   0.01270  -2.50000   0.97912   0.01258
  10.60200   3.58245  28.99000   9.51773   4.53513   7.01955   0.54774 5.65204e-05   0.72255   0.71132   0.00892   0.00991   0.01270  -1.50000   0.97698   0.01309
  10.60200   3.61882  28.99000   9.61436   4.37025   6.98318   0.55198 5.44819e-05   0.73368   0.71529   0.00949   0.01044   0.01271  -0.50000   0.98220   0.01383
  10.60200   3.65519  28.99000   9.71099   4.20538   6.94681   0.55619 5.24006e-05   0.74494   0.71415   0.01010   0.01099   0.01271   0.50000   0.98114   0.01462
  10.60200   3.69156  28.99000   9.80761   4.04050   6.91044   0.56037 5.02758e-05   0.75631   0.73129   0.01071   0.01154   0.01271   1.50000   1.00301   0.01539
  10.60200   3.72793  28.99000   9.90424   3.87562   6.87407   0.56452 4.81068e-05   0.76780   0.71764   0.01143   0.01221   0.01271   2.50000   0.97960   0.01625
  10.60200   3.76429  28.99000  10.00086   3.71075   6.83771   0.56864 4.58926e-05   0.77941   0.74085   0.01221   0.01294   0.01273   3.50000   1.00129   0.01711
  10.60200   3.80066  28.99000  10.09749   3.54587   6.80134   0.57273 4.36326e-05   0.79115   0.74403   0.01318   0.01388   0.01276   4.50000   0.98908   0.01808
  10.60200   3.83703  28.99000  10.19412   3.38099   6.76497   0.57678 4.13259e-05   0.80302   0.75934   0.01401   0.01465   0.01277   5.50000   0.98723   0.01872
  10.60200   3.87341  28.99000  10.29075   3.21612   6.72859   0.58081 3.89715e-05   0.81501   0.77949   0.01510   0.01569   0.01280   6.50000   0.99740   0.01978
  10.60200   3.90978  28.99000  10.38737   3.05124   6.69222   0.58480 3.65688e-05   0.82713   0.72599   0.01640   0.01696   0.01287   7.50000   0.96802   0.02231
  10.60200   3.94615  28.99000  10.48400   2.88636   6.65585   0.58876 3.41168e-05   0.83939   0.63320   0.01792   0.01843   0.01294   8.50000   0.96373   0.02773
  10.60200   3.98252  28.99000  10.58063   2.72149   6.61948   0.59268 3.16147e-05   0.85178   0.75863   0.01953   0.02000   0.01300   9.50000   0.93786   0.02449
  10.60200   4.01889  28.99000  10.67725   2.55661   6.58311   0.59658 2.90616e-05   0.86431   0.86602   0.02152   0.02196   0.01314  10.50000   0.92291   0.02321
  10.60200   4.05525  28.99000  10.77388   2.39173   6.54675   0.60045 2.64566e-05   0.87698   0.84808   0.02408   0.02448   0.01347  11.50000   0.96542   0.02768
  10.60200   4.09163  28.99000  10.87051   2.22686   6.51037   0.60428 2.37988e-05   0.88978   0.65191   0.02616   0.02651   0.01422  12.50000   0.93382   0.03777
  10.60200   4.12800  28.99000  10.96713   2.06198   6.47400   0.60808 2.10873e-05   0.90274   0.88336   0.02995   0.03027   0.01550  13.50000   0.91555   0.03123
  10.60200   4.16436  28.99000  11.06376   1.89711   6.43764   0.61185 1.83212e-05   0.91584   1.03996   0.03480   0.03509   0.01667  14.50000   0.94506   0.03178
  10.60200   4.20074  28.99000  11.16039   1.73223   6.40126   0.61559 1.54995e-05   0.92908   1.20489   0.04029   0.04054   0.01813  15.50000   0.95185   0.03194
  10.60200   4.23710  28.99000  11.25701   1.56735   6.36490   0.61930 1.26214e-05   0.94248   1.14173   0.04542   0.04565  -0.87586  16.50000   0.87055   0.03473
  10.60200   4.27347  28.99000  11.35364   1.40248   6.32853   0.62298 9.68590e-06   0.95603   1.43040   0.05459   0.05479  -0.69911  17.50000   0.87378   0.03342
  10.60200   4.30985  28.99000  11.45027   1.23760   6.29215   0.62662 6.69194e-06   0.96974  10.46464   0.06542   0.06560  -0.09556  18.50000   0.84961   0.00532
  10.60200   1.53642  32.97500   5.24811  12.64420   9.06558   0.25518 8.59197e-05   0.30850   0.81741   0.00627   0.00758   0.01447  -7.50000   0.98414   0.00848
  10.60200   1.58625  32.97500   5.41832  12.38049   9.01575   0.26291 8.48753e-05   0.32026   0.82498   0.00658   0.00783   0.01412  -4.50000   0.99964   0.00887
  10.60200   1.63609  32.97500   5.58853  12.11677   8.96591   0.27061 8.38037e-05   0.33216   0.82057   0.00697   0.00817   0.01387  -1.50000   1.00200   0.00936
  10.60200   1.68592  32.97500   5.75873  11.85305   8.91608   0.27826 8.27043e-05   0.34419   0.81095   0.00736   0.00849   0.01371   1.50000   0.99792   0.00986
  10.60200   1.73574  32.97500   5.92894  11.58933   8.86626   0.28586 8.15762e-05   0.35635   0.81429   0.00785   0.00891   0.01360   4.50000   1.00956   0.01048
  10.60200   1.78558  32.97500   6.09915  11.32562   8.81642   0.29342 8.04187e-05   0.36865   0.80423   0.00833   0.00934   0.01353   7.50000   1.00322   0.01109
  10.60200   1.83540  32.97500   6.26936  11.06190   8.76660   0.30094 7.92310e-05   0.38110   0.80373   0.00887   0.00982   0.01348  10.50000   1.00778   0.01178
  10.60200   1.88523  32.97500   6.43957  10.79818   8.71677   0.30841 7.80123e-05   0.39368   0.79509   0.00953   0.01043   0.01344  13.50000   1.00145   0.01263
  10.60200   1.93506  32.97500   6.60978  10.53447   8.66694   0.31583 7.67617e-05   0.40641   0.80313   0.01024   0.01107   0.01342  16.50000   1.01718   0.01355
  10.60200   1.98489  32.97500   6.77999  10.27075   8.61711   0.32320 7.54784e-05   0.41928   0.78677   0.01106   0.01185   0.01340  19.50000   1.00236   0.01465
  10.60200   1.90920  32.97500   6.52143  10.67135   8.69280   0.31198 7.74149e-05   0.39978   0.79576   0.00515   0.00691   0.01286  -7.50000   1.00454   0.00767
  10.60200   1.97112  32.97500   6.73293  10.34365   8.63088   0.32117 7.58365e-05   0.41571   0.78749   0.00536   0.00705   0.01284  -4.50000   1.00186   0.00794
  10.60200   2.03304  32.97500   6.94444  10.01595   8.56896   0.33028 7.42065e-05   0.43187   0.78587   0.00567   0.00730   0.01282  -1.50000   1.00850   0.00834
  10.60200   2.09496  32.97500   7.15595   9.68825   8.50704   0.33932 7.25233e-05   0.44826   0.78367   0.00607   0.00759   0.01281   1.50000   1.01378   0.00884
  10.60200   2.15688  32.97500   7.36745   9.36055   8.44512   0.34828 7.07852e-05   0.46489   0.78137   0.00653   0.00796   0.01281   4.50000   1.01716   0.00942
  10.60200   2.21880  32.97500   7.57896   9.03284   8.38320   0.35716 6.89903e-05   0.48177   0.76909   0.00701   0.00836   0.01280   7.50000   1.00759   0.01005
  10.60200   2.28072  32.97500   7.79046   8.70514   8.32128   0.36597 6.71368e-05   0.49890   0.74931   0.00756   0.00882   0.01280  10.50000   0.98836   0.01077
  10.60200   2.34264  32.97500   8.00197   8.37744   8.25936   0.37470 6.52228e-05   0.51629   0.75078   0.00829   0.00947   0.01279  13.50000   0.99831   0.01177
  10.60200   2.40456  32.97500   8.21348   8.04974   8.19744   0.38334 6.32465e-05   0.53394   0.73998   0.00905   0.01014   0.01279  16.50000   0.99039   0.01281
  10.60200   2.46648  32.97500   8.42498   7.72204   8.13552   0.39191 6.12058e-05   0.55185   0.74173   0.01008   0.01109   0.01279  19.50000   0.99801   0.01420
  10.60200   2.31318  32.97500   7.90134   8.53335   8.28882   0.37056 6.61411e-05   0.50798   0.76129   0.00500   0.00653   0.01233  -9.50000   1.00843   0.00787
  10.60200   2.33874  32.97500   7.98865   8.39808   8.26326   0.37415 6.53452e-05   0.51518   0.75718   0.00510   0.00661   0.01233  -8.50000   1.00643   0.00801
  10.60200   2.36430  32.97500   8.07596   8.26281   8.23770   0.37773 6.45387e-05   0.52243   0.75524   0.00520   0.00668   0.01233  -7.50000   1.00641   0.00814
  10.60200   2.38986  32.97500   8.16326   8.12754   8.21214   0.38130 6.37215e-05   0.52972   0.76198   0.00531   0.00677   0.01233  -6.50000   1.01848   0.00829
  10.60200   2.41542  32.97500   8.25057   7.99227   8.18658   0.38485 6.28933e-05   0.53706   0.75009   0.00541   0.00684   0.01233  -5.50000   1.00516   0.00841
  10.60200   2.44098  32.97500   8.33788   7.85699   8.16102   0.38839 6.20542e-05   0.54444   0.75375   0.00553   0.00694   0.01232  -4.50000   1.01202   0.00857
  10.60200   2.46654  32.97500   8.42519   7.72172   8.13546   0.39192 6.12038e-05   0.55187   0.75466   0.00564   0.00702   0.01233  -3.50000   1.01542   0.00872
  10.60200   2.49210  32.97500   8.51249   7.58645   8.10990   0.39543 6.03422e-05   0.55935   0.74124   0.00578   0.00715   0.01233  -2.50000   0.99964   0.00890
  10.60200   2.51766  32.97500   8.59980   7.45118   8.08434   0.39893 5.94691e-05   0.56687   0.74229   0.00592   0.00725   0.01232  -1.50000   1.00330   0.00907
  10.60200   2.54322  32.97500   8.68711   7.31591   8.05878   0.40241 5.85844e-05   0.57444   0.74089   0.00610   0.00740   0.01232  -0.50000   1.00459   0.00930
  10.60200   2.56878  32.97500   8.77442   7.18063   8.03322   0.40588 5.76880e-05   0.58206   0.73855   0.00630   0.00757   0.01232   0.50000   1.00386   0.00958
  10.60200   2.59434  32.97500   8.86172   7.04536   8.00766   0.40934 5.67797e-05   0.58973   0.74095   0.00650   0.00772   0.01232   1.50000   1.00925   0.00983
  10.60200   2.61990  32.97500   8.94903   6.91009   7.98210   0.41278 5.58593e-05   0.59745   0.73522   0.00671   0.00789   0.01232   2.50000   1.00338   0.01010
  10.60200   2.64546  32.97500   9.03634   6.77482   7.95654   0.41621 5.49268e-05   0.60521   0.73363   0.00692   0.00806   0.01232   3.50000   1.00305   0.01037
  10.60200   2.67102  32.97500   9.12365   6.63955   7.93098   0.41962 5.39819e-05   0.61303   0.73400   0.00715   0.00827   0.01232   4.50000   1.00500   0.01068
  10.60200   2.69658  32.97500   9.21096   6.50427   7.90542   0.42302 5.30245e-05   0.62090   0.73346   0.00742   0.00851   0.01232   5.50000   1.00543   0.01103
  10.60200   2.72214  32.97500   9.29826   6.36900   7.87986   0.42641 5.20544e-05   0.62882   0.73227   0.00768   0.00873   0.01232   6.50000   1.00525   0.01137
  10.60200   2.74770  32.97500   9.38557   6.23373   7.85430   0.42978 5.10716e-05   0.63679   0.72758   0.00795   0.00897   0.01232   7.50000   1.00016   0.01173
  10.60200   2.77326  32.97500   9.47288   6.09846   7.82874   0.43313 5.00758e-05   0.64481   0.73226   0.00832   0.00930   0.01232   8.50000   1.00786   0.01222
  10.60200   2.79882  32.97500   9.56019   5.96318   7.80318   0.43647 4.90669e-05   0.65288   0.73068   0.00865   0.00960   0.01232   9.50000   1.00630   0.01265
  10.60200   2.82438  32.97500   9.64749   5.82791   7.77762   0.43980 4.80447e-05   0.66101   0.72573   0.00901   0.00993   0.01232  10.50000   1.00003   0.01313
  10.60200   2.84994  32.97500   9.73480   5.69264   7.75206   0.44311 4.70090e-05   0.66919   0.71925   0.00941   0.01030   0.01232  11.50000   0.99082   0.01365
  10.60200   2.87550  32.97500   9.82211   5.55737   7.72650   0.44641 4.59598e-05   0.67743   0.71808   0.00985   0.01070   0.01232  12.50000   0.98905   0.01422
  10.60200   2.90106  32.97500   9.90942   5.42210   7.70094   0.44969 4.48968e-05   0.68572   0.71538   0.01032   0.01114   0.01232  13.50000   0.98494   0.01484
  10.60200   2.92662  32.97500   9.99672   5.28682   7.67538   0.45296 4.38198e-05   0.69406   0.71339   0.01081   0.01159   0.01232  14.50000   0.98134   0.01547
  10.60200   2.95218  32.97500  10.08403   5.15155   7.64982   0.45622 4.27287e-05   0.70246   0.70814   0.01139   0.01213   0.01232  15.50000   0.97331   0.01622
  10.60200   2.97774  32.97500  10.17134   5.01628   7.62426   0.45945 4.16234e-05   0.71092   0.71418   0.01195   0.01266   0.01233  16.50000   0.98072   0.01695
  10.60200   3.00330  32.97500  10.25865   4.88101   7.59870   0.46268 4.05036e-05   0.71944   0.72527   0.01269   0.01336   0.01233  17.50000   0.99411   0.01790
  10.60200   3.02886  32.97500  10.34595   4.74574   7.57314   0.46589 3.93693e-05   0.72801   0.72087   0.01337   0.01401   0.01233  18.50000   0.98631   0.01878
  10.60200   3.05442  32.97500  10.43326   4.61046   7.54758   0.46908 3.82201e-05   0.73664   0.71646   0.01425   0.01486   0.01233  19.50000   0.97919   0.01993
  10.60200   3.07998  32.97500  10.52057   4.47519   7.52202   0.47226 3.70560e-05   0.74533   0.70541   0.01507   0.01566   0.01234  20.50000   0.96284   0.02102
  10.60200   3.10554  32.97500  10.60788   4.33992   7.49646   0.47543 3.58767e-05   0.75407   0.72827   0.01618   0.01674   0.01234  21.50000   0.99314   0.02249
  10.60200   2.84713  32.97500   9.72520   5.70751   7.75487   0.44275 4.71236e-05   0.66829   0.73595   0.00694   0.00806   0.01238  -9.50000   1.01400   0.01051
  10.60200   2.87859  32.97500   9.83266   5.54101   7.72341   0.44681 4.58320e-05   0.67843   0.72272   0.00723   0.00831   0.01238  -8.50000   0.99539   0.01087
  10.60200   2.91005  32.97500   9.94012   5.37452   7.69195   0.45084 4.45196e-05   0.68865   0.72000   0.00753   0.00857   0.01238  -7.50000   0.99121   0.01125
  10.60200   2.94151  32.97500  10.04759   5.20802   7.66049   0.45486 4.31859e-05   0.69895   0.71939   0.00789   0.00889   0.01238  -6.50000   0.98913   0.01168
  10.60200   2.97297  32.97500  10.15505   5.04152   7.62903   0.45885 4.18308e-05   0.70934   0.72651   0.00824   0.00920   0.01238  -5.50000   0.99790   0.01211
  10.60200   3.00443  32.97500  10.26251   4.87503   7.59757   0.46282 4.04538e-05   0.71981   0.72316   0.00866   0.00958   0.01238  -4.50000   0.99117   0.01263
  10.60200   3.03589  32.97500  10.36997   4.70853   7.56611   0.46677 3.90547e-05   0.73037   0.71726   0.00909   0.00997   0.01238  -3.50000   0.98085   0.01315
  10.60200   3.06735  32.97500  10.47743   4.54203   7.53465   0.47069 3.76331e-05   0.74102   0.73588   0.00961   0.01045   0.01239  -2.50000   1.00507   0.01381
  10.60200   3.09881  32.97500  10.58489   4.37554   7.50319   0.47459 3.61887e-05   0.75176   0.72210   0.01018   0.01098   0.01239  -1.50000   0.98501   0.01453
  10.60200   3.13027  32.97500  10.69235   4.20904   7.47173   0.47847 3.47212e-05   0.76259   0.74353   0.01084   0.01160   0.01240  -0.50000   1.01283   0.01538
  10.60200   3.16173  32.97500  10.79981   4.04254   7.44027   0.48233 3.32302e-05   0.77351   0.72360   0.01159   0.01230   0.01240   0.50000   0.98313   0.01631
  10.60200   3.19319  32.97500  10.90727   3.87605   7.40881   0.48617 3.17155e-05   0.78453   0.72949   0.01230   0.01296   0.01241   1.50000   0.98540   0.01714
  10.60200   3.22465  32.97500  11.01473   3.70955   7.37735   0.48998 3.01767e-05   0.79564   0.72133   0.01325   0.01387   0.01243   2.50000   0.96239   0.01816
  10.60200   3.25611  32.97500  11.12219   3.54305   7.34589   0.49377 2.86133e-05   0.80684   0.74235   0.01425   0.01483   0.01247   3.50000   0.96945   0.01905
  10.60200   3.28757  32.97500  11.22965   3.37656   7.31443   0.49753 2.70252e-05   0.81814   0.77705   0.01541   0.01595   0.01251   4.50000   0.98636   0.01996
  10.60200   3.31903  32.97500  11.33711   3.21006   7.28297   0.50128 2.54119e-05   0.82954   0.78352   0.01667   0.01716   0.01255   5.50000   0.97308   0.02105
  10.60200   3.35049  32.97500  11.44458   3.04356   7.25151   0.50500 2.37732e-05   0.84103   0.75287   0.01814   0.01860   0.01265   6.50000   0.97679   0.02389
  10.60200   3.38195  32.97500  11.55204   2.87706   7.22005   0.50869 2.21085e-05   0.85263   0.63969   0.01978   0.02020   0.01276   7.50000   0.94442   0.02956
  10.60200   3.41341  32.97500  11.65950   2.71057   7.18859   0.51237 2.04177e-05   0.86433   0.80941   0.02159   0.02198   0.01288   8.50000   0.94837   0.02556
  10.60200   3.44487  32.97500  11.76696   2.54407   7.15713   0.51602 1.87003e-05   0.87613   0.93825   0.02360   0.02395   0.01310   9.50000   0.95411   0.02421
  10.60200   3.47633  32.97500  11.87442   2.37757   7.12567   0.51965 1.69560e-05   0.88803   0.88366   0.02695   0.02727   0.01356  10.50000   0.97690   0.02999
  10.60200   3.50779  32.97500  11.98188   2.21108   7.09421   0.52325 1.51844e-05   0.90004   0.71946   0.02933   0.02962   0.01459  11.50000   0.93772   0.03844
  10.60200   3.53925  32.97500  12.08934   2.04458   7.06275   0.52684 1.33852e-05   0.91216   0.96793   0.03349   0.03375   0.01613  12.50000   0.90030   0.03128
  10.60200   3.57071  32.97500  12.19680   1.87808   7.03129   0.53040 1.15579e-05   0.92438   1.20692   0.03884   0.03908  -0.82856  13.50000   0.96475   0.03116
  10.60200   3.60217  32.97500  12.30426   1.71159   6.99983   0.53393 9.70222e-06   0.93672   1.34396   0.04368   0.04388  -0.74407  14.50000   0.91259   0.02974
  10.60200   3.63363  32.97500  12.41172   1.54509   6.96837   0.53745 7.81779e-06   0.94917   1.23680   0.05086   0.05105  -0.80854  15.50000   0.85912   0.03540
  10.60200   3.66509  32.97500  12.51918   1.37859   6.93691   0.54094 5.90421e-06   0.96173   2.16286   0.06194   0.06211  -0.46235  16.50000   0.96893   0.02779
  10.60200   3.69655  32.97500  12.62664   1.21210   6.90545   0.54440 3.96112e-06   0.97440  22.05223   0.07530   0.07544  -0.04535  17.50000   0.91907   0.00314
  10.60200   1.18215  38.97500   5.57925  12.97788   9.41985   0.19107 5.88804e-05   0.31563   0.81246   0.00594   0.00761   0.02011  -7.50000   0.98851   0.00816
  10.60200   1.22049  38.97500   5.76019  12.72498   9.38151   0.19696 5.80723e-05   0.32719   0.79773   0.00639   0.00796   0.01866  -4.50000   0.97774   0.00871
  10.60200   1.25883  38.97500   5.94114  12.47209   9.34317   0.20282 5.72505e-05   0.33886   0.79716   0.00688   0.00837   0.01743  -1.50000   0.98477   0.00932
  10.60200   1.29717  38.97500   6.12209  12.21919   9.30483   0.20866 5.64148e-05   0.35062   0.80919   0.00744   0.00880   0.01642   1.50000   1.00736   0.01002
  10.60200   1.33551  38.97500   6.30304  11.96630   9.26649   0.21448 5.55650e-05   0.36247   0.79493   0.00804   0.00930   0.01563   4.50000   0.99621   0.01078
  10.60200   1.37385  38.97500   6.48399  11.71340   9.22815   0.22027 5.47008e-05   0.37443   0.80226   0.00866   0.00985   0.01501   7.50000   1.01132   0.01157
  10.60200   1.41219  38.97500   6.66494  11.46050   9.18981   0.22604 5.38220e-05   0.38648   0.78296   0.00945   0.01056   0.01454  10.50000   0.99160   0.01256
  10.60200   1.45053  38.97500   6.84589  11.20761   9.15147   0.23178 5.29282e-05   0.39864   0.77181   0.01022   0.01126   0.01419  13.50000   0.98164   0.01356
  10.60200   1.48887  38.97500   7.02683  10.95472   9.11313   0.23750 5.20192e-05   0.41090   0.79418   0.01109   0.01206   0.01394  16.50000   1.01601   0.01471
  10.60200   1.52721  38.97500   7.20778  10.70182   9.07479   0.24319 5.10948e-05   0.42326   0.77488   0.01217   0.01307   0.01376  19.50000   0.99712   0.01615
  10.60200   1.45502  38.97500   6.86710  11.17796   9.14698   0.23246 5.28224e-05   0.40007   0.79957   0.00555   0.00707   0.01356  -7.50000   1.01756   0.00810
  10.60200   1.50221  38.97500   7.08982  10.86669   9.09979   0.23948 5.16992e-05   0.41519   0.78824   0.00588   0.00732   0.01326  -4.50000   1.01043   0.00852
  10.60200   1.54940  38.97500   7.31253  10.55542   9.05260   0.24648 5.05525e-05   0.43046   0.79080   0.00625   0.00763   0.01305  -1.50000   1.02135   0.00901
  10.60200   1.59659  38.97500   7.53525  10.24415   9.00541   0.25343 4.93816e-05   0.44590   0.78809   0.00673   0.00801   0.01293   1.50000   1.02614   0.00963
  10.60200   1.64378  38.97500   7.75797   9.93288   8.95822   0.26034 4.81861e-05   0.46150   0.78065   0.00723   0.00842   0.01284   4.50000   1.02328   0.01027
  10.60200   1.69098  38.97500   7.98069   9.62161   8.91102   0.26721 4.69655e-05   0.47726   0.76807   0.00783   0.00895   0.01278   7.50000   1.01202   0.01106
  10.60200   1.73817  38.97500   8.20340   9.31034   8.86383   0.27404 4.57191e-05   0.49319   0.77081   0.00848   0.00952   0.01275  10.50000   1.02155   0.01192
  10.60200   1.78535  38.97500   8.42612   8.99906   8.81665   0.28082 4.44466e-05   0.50929   0.75945   0.00929   0.01026   0.01272  13.50000   1.01317   0.01303
  10.60200   1.83254  38.97500   8.64883   8.68779   8.76946   0.28757 4.31472e-05   0.52556   0.76984   0.01021   0.01110   0.01271  16.50000   1.03433   0.01430
  10.60200   1.87973  38.97500   8.87155   8.37652   8.72227   0.29427 4.18204e-05   0.54202   0.75433   0.01129   0.01211   0.01269  19.50000   1.01873   0.01579
  10.60200   1.77923  38.97500   8.39721   9.03947   8.82277   0.27995 4.46132e-05   0.50719   0.76762   0.00541   0.00668   0.01259  -9.50000   1.02308   0.00834
  10.60200   1.79889  38.97500   8.49000   8.90979   8.80311   0.28276 4.40766e-05   0.51394   0.76551   0.00552   0.00677   0.01258  -8.50000   1.02336   0.00850
  10.60200   1.81855  38.97500   8.58278   8.78011   8.78345   0.28557 4.35354e-05   0.52072   0.76212   0.00563   0.00685   0.01257  -7.50000   1.02191   0.00864
  10.60200   1.83821  38.97500   8.67557   8.65043   8.76379   0.28838 4.29894e-05   0.52753   0.75519   0.00576   0.00698   0.01257  -6.50000   1.01537   0.00883
  10.60200   1.85787  38.97500   8.76836   8.52075   8.74413   0.29117 4.24386e-05   0.53437   0.76031   0.00586   0.00705   0.01256  -5.50000   1.02473   0.00896
  10.60200   1.87753  38.97500   8.86115   8.39107   8.72447   0.29396 4.18830e-05   0.54124   0.75659   0.00598   0.00714   0.01256  -4.50000   1.02150   0.00912
  10.60200   1.89719  38.97500   8.95393   8.26139   8.70481   0.29674 4.13227e-05   0.54815   0.75361   0.00612   0.00726   0.01255  -3.50000   1.01958   0.00930
  10.60200   1.91685  38.97500   9.04672   8.13171   8.68515   0.29951 4.07574e-05   0.55508   0.74971   0.00629   0.00741   0.01255  -2.50000   1.01634   0.00952
  10.60200   1.93651  38.97500   9.13951   8.00203   8.66549   0.30228 4.01872e-05   0.56204   0.75787   0.00645   0.00754   0.01255  -1.50000   1.02933   0.00973
  10.60200   1.95617  38.97500   9.23229   7.87235   8.64583   0.30504 3.96120e-05   0.56904   0.73940   0.00665   0.00772   0.01255  -0.50000   1.00661   0.00999
  10.60200   1.97583  38.97500   9.32508   7.74267   8.62617   0.30779 3.90318e-05   0.57607   0.74069   0.00686   0.00790   0.01255   0.50000   1.01011   0.01027
  10.60200   1.99549  38.97500   9.41787   7.61299   8.60651   0.31053 3.84465e-05   0.58313   0.73988   0.00704   0.00803   0.01254   1.50000   1.01126   0.01051
  10.60200   2.01515  38.97500   9.51065   7.48331   8.58685   0.31327 3.78562e-05   0.59022   0.73974   0.00727   0.00823   0.01254   2.50000   1.01330   0.01081
  10.60200   2.03481  38.97500   9.60344   7.35363   8.56719   0.31600 3.72607e-05   0.59735   0.74652   0.00753   0.00847   0.01254   3.50000   1.02451   0.01116
  10.60200   2.05447  38.97500   9.69623   7.22395   8.54753   0.31872 3.66601e-05   0.60451   0.74464   0.00778   0.00869   0.01254   4.50000   1.02341   0.01149
  10.60200   2.07413  38.97500   9.78901   7.09427   8.52787   0.32143 3.60542e-05   0.61170   0.72730   0.00805   0.00893   0.01254   5.50000   1.00082   0.01185
  10.60200   2.09379  38.97500   9.88180   6.96459   8.50821   0.32413 3.54430e-05   0.61893   0.74522   0.00834   0.00920   0.01254   6.50000   1.02683   0.01224
  10.60200   2.11345  38.97500   9.97459   6.83491   8.48855   0.32683 3.48265e-05   0.62618   0.73062   0.00864   0.00947   0.01254   7.50000   1.00723   0.01263
  10.60200   2.13311  38.97500  10.06737   6.70523   8.46889   0.32952 3.42047e-05   0.63348   0.72771   0.00895   0.00975   0.01253   8.50000   1.00466   0.01305
  10.60200   2.15277  38.97500  10.16016   6.57555   8.44923   0.33220 3.35775e-05   0.64080   0.73306   0.00928   0.01005   0.01253   9.50000   1.01272   0.01349
  10.60200   2.17243  38.97500  10.25295   6.44587   8.42957   0.33487 3.29448e-05   0.64816   0.72138   0.00972   0.01047   0.01253  10.50000   0.99765   0.01409
  10.60200   2.19209  38.97500  10.34574   6.31619   8.40991   0.33754 3.23067e-05   0.65556   0.72603   0.01011   0.01083   0.01253  11.50000   1.00448   0.01461
  10.60200   2.21175  38.97500  10.43852   6.18651   8.39025   0.34020 3.16630e-05   0.66299   0.73574   0.01048   0.01117   0.01253  12.50000   1.01772   0.01510
  10.60200   2.23141  38.97500  10.53131   6.05683   8.37059   0.34285 3.10137e-05   0.67045   0.72833   0.01097   0.01163   0.01253  13.50000   1.00713   0.01573
  10.60200   2.25107  38.97500  10.62410   5.92715   8.35093   0.34549 3.03588e-05   0.67795   0.71555   0.01148   0.01212   0.01253  14.50000   0.98910   0.01642
  10.60200   2.27073  38.97500  10.71688   5.79747   8.33127   0.34812 2.96982e-05   0.68549   0.72433   0.01213   0.01274   0.01254  15.50000   1.00032   0.01727
  10.60200   2.29039  38.97500  10.80967   5.66779   8.31161   0.35075 2.90319e-05   0.69306   0.71116   0.01268   0.01327   0.01254  16.50000   0.98061   0.01799
  10.60200   2.31005  38.97500  10.90245   5.53811   8.29195   0.35337 2.83599e-05   0.70066   0.73607   0.01332   0.01388   0.01254  17.50000   1.01436   0.01884
  10.60200   2.32971  38.97500  10.99524   5.40843   8.27229   0.35598 2.76820e-05   0.70830   0.74473   0.01412   0.01466   0.01254  18.50000   1.02408   0.01988
  10.60200   2.34937  38.97500  11.08803   5.27876   8.25263   0.35858 2.69983e-05   0.71598   0.70888   0.01479   0.01531   0.01254  19.50000   0.97290   0.02074
  10.60200   2.36903  38.97500  11.18082   5.14907   8.23297   0.36117 2.63086e-05   0.72370   0.72409   0.01564   0.01613   0.01254  20.50000   0.99082   0.02182
  10.60200   2.38869  38.97500  11.27360   5.01939   8.21331   0.36376 2.56131e-05   0.73145   0.72602   0.01662   0.01709   0.01254  21.50000   0.99093   0.02307
  10.60200   2.22449  38.97500  10.49865   6.10248   8.37751   0.34191 3.12429e-05   0.66782   0.72494   0.00691   0.00788   0.01251  -9.50000   1.00287   0.01051
  10.60200   2.24907  38.97500  10.61466   5.94035   8.35293   0.34522 3.04257e-05   0.67719   0.72627   0.00718   0.00811   0.01251  -8.50000   1.00399   0.01083
  10.60200   2.27365  38.97500  10.73066   5.77821   8.32835   0.34851 2.95996e-05   0.68661   0.73137   0.00745   0.00835   0.01251  -7.50000   1.00994   0.01117
  10.60200   2.29823  38.97500  10.84667   5.61608   8.30377   0.35179 2.87646e-05   0.69608   0.71886   0.00779   0.00866   0.01251  -6.50000   0.99097   0.01158
  10.60200   2.32281  38.97500  10.96268   5.45395   8.27919   0.35506 2.79206e-05   0.70562   0.71725   0.00813   0.00897   0.01251  -5.50000   0.98669   0.01199
  10.60200   2.34739  38.97500  11.07868   5.29181   8.25461   0.35832 2.70674e-05   0.71521   0.71617   0.00849   0.00929   0.01251  -4.50000   0.98322   0.01242
  10.60200   2.37197  38.97500  11.19469   5.12968   8.23003   0.36156 2.62050e-05   0.72486   0.72027   0.00890   0.00966   0.01252  -3.50000   0.98509   0.01290
  10.60200   2.39655  38.97500  11.31070   4.96755   8.20545   0.36479 2.53333e-05   0.73456   0.71314   0.00931   0.01004   0.01252  -2.50000   0.97226   0.01338
  10.60200   2.42113  38.97500  11.42671   4.80542   8.18087   0.36800 2.44522e-05   0.74433   0.73082   0.00984   0.01054   0.01252  -1.50000   0.99287   0.01402
  10.60200   2.44571  38.97500  11.54271   4.64328   8.15629   0.37121 2.35616e-05   0.75415   0.73546   0.01049   0.01115   0.01252  -0.50000   0.99590   0.01481
  10.60200   2.47029  38.97500  11.65872   4.48115   8.13171   0.37440 2.26614e-05   0.76403   0.73816   0.01124   0.01186   0.01253   0.50000   0.99635   0.01574
  10.60200   2.49487  38.97500  11.77473   4.31902   8.10713   0.37758 2.17516e-05   0.77397   0.73399   0.01181   0.01239   0.01254   1.50000   0.98773   0.01643
  10.60200   2.51945  38.97500  11.89073   4.15689   8.08255   0.38074 2.08320e-05   0.78397   0.72488   0.01266   0.01320   0.01255   2.50000   0.97251   0.01748
  10.60200   2.54403  38.97500  12.00674   3.99475   8.05797   0.38390 1.99025e-05   0.79404   0.71329   0.01349   0.01400   0.01255   3.50000   0.95255   0.01848
  10.60200   2.56861  38.97500  12.12275   3.83262   8.03339   0.38704 1.89630e-05   0.80416   0.74413   0.01448   0.01496   0.01256   4.50000   0.98529   0.01960
  10.60200   2.59319  38.97500  12.23876   3.67049   8.00881   0.39016 1.80135e-05   0.81435   0.75869   0.01595   0.01640   0.01259   5.50000   0.98943   0.02120
  10.60200   2.61777  38.97500  12.35476   3.50835   7.98423   0.39328 1.70538e-05   0.82460   0.77696   0.01692   0.01733   0.01266   6.50000   0.98940   0.02190
  10.60200   2.64235  38.97500  12.47077   3.34622   7.95965   0.39638 1.60839e-05   0.83491   0.78096   0.01834   0.01873   0.01271   7.50000   0.96483   0.02298
  10.60200   2.66693  38.97500  12.58678   3.18409   7.93507   0.39947 1.51036e-05   0.84529   0.78085   0.01987   0.02022   0.01278   8.50000   0.94507   0.02433
  10.60200   2.69151  38.97500  12.70278   3.02196   7.91049   0.40254 1.41129e-05   0.85573   0.74387   0.02186   0.02219   0.01292   9.50000   0.94951   0.02819
  10.60200   2.71609  38.97500  12.81879   2.85982   7.88591   0.40560 1.31117e-05   0.86624   0.68916   0.02394   0.02424   0.01307  10.50000   0.96027   0.03364
  10.60200   2.74067  38.97500  12.93480   2.69769   7.86133   0.40865 1.20998e-05   0.87681   0.84353   0.02638   0.02666   0.01325  11.50000   0.92210   0.02904
  10.60200   2.76525  38.97500  13.05081   2.53556   7.83675   0.41169 1.10772e-05   0.88745   1.01538   0.02941   0.02966   0.01359  12.50000   0.96766   0.02819
  10.60200   2.78983  38.97500  13.16681   2.37343   7.81217   0.41471 1.00437e-05   0.89815   0.92998   0.03304   0.03327   0.01441  13.50000   0.96314   0.03437
  10.60200   2.81441  38.97500  13.28282   2.21129   7.78759   0.41772 8.99933e-06   0.90893   0.78274   0.03689   0.03710   0.01606  14.50000   0.94173   0.04455
  10.60200   2.83899  38.97500  13.39883   2.04916   7.76301   0.42071 7.94391e-06   0.91977   1.04486   0.04145   0.04163   0.01748  15.50000   0.89042   0.03542
  10.60200   2.86357  38.97500  13.51483   1.88703   7.73843   0.42369 6.87738e-06   0.93068   1.33190   0.04918   0.04934  -0.75081  16.50000   0.95438   0.03532
  10.60200   2.88815  38.97500  13.63084   1.72490   7.71385   0.42666 5.79960e-06   0.94166   1.43310   0.05600   0.05615  -0.69779  17.50000   0.86805   0.03398
  10.60200   2.91273  38.97500  13.74685   1.56276   7.68927   0.42962 4.71049e-06   0.95271   1.60404   0.06705   0.06717  -0.62343  18.50000   0.94684   0.03962
  10.60200   2.93731  38.97500  13.86286   1.40063   7.66469   0.43256 3.60996e-06   0.96383   1.92711   0.08009   0.08021  -0.51891  19.50000   0.89658   0.03730
  10.60200   2.96189  38.97500  13.97886   1.23850   7.64011   0.43549 2.49788e-06   0.97502  16.79689   0.10467   0.10478  -0.05953  20.50000   1.02969   0.00642
