   10.6020    2.4050   21.0350    3.3983   12.8641    0.2209    0.8586
   10.6020    2.4250   21.0350    3.4265   12.7983    0.2233    0.8574
   10.6020    2.4450   21.0350    3.4548   12.7325    0.2257    0.8562
   10.6020    2.4650   21.0350    3.4831   12.6667    0.2281    0.8551
   10.6020    2.4850   21.0350    3.5113   12.6009    0.2305    0.8539
   10.6020    2.5050   21.0350    3.5396   12.5352    0.2330    0.8527
   10.6020    2.5250   21.0350    3.5678   12.4694    0.2354    0.8515
   10.6020    2.5450   21.0350    3.5961   12.4036    0.2378    0.8504
   10.6020    2.5650   21.0350    3.6244   12.3378    0.2403    0.8492
   10.6020    2.5850   21.0350    3.6526   12.2720    0.2428    0.8480
   10.6020    2.6050   21.0350    3.6809   12.2062    0.2453    0.8468
   10.6020    2.6250   21.0350    3.7091   12.1404    0.2478    0.8456
   10.6020    2.6450   21.0350    3.7374   12.0746    0.2503    0.8444
   10.6020    2.6650   21.0350    3.7657   12.0088    0.2528    0.8432
   10.6020    2.6850   21.0350    3.7939   11.9430    0.2554    0.8420
   10.6020    2.7050   21.0350    3.8222   11.8772    0.2579    0.8408
   10.6020    2.7250   21.0350    3.8504   11.8115    0.2605    0.8396
   10.6020    2.7450   21.0350    3.8787   11.7457    0.2631    0.8384
   10.6020    2.7650   21.0350    3.9070   11.6799    0.2657    0.8372
   10.6020    2.7850   21.0350    3.9352   11.6141    0.2683    0.8360
   10.6020    2.8050   21.0350    3.9635   11.5483    0.2709    0.8348
   10.6020    2.8250   21.0350    3.9917   11.4825    0.2735    0.8336
   10.6020    2.8450   21.0350    4.0200   11.4167    0.2762    0.8324
   10.6020    2.8650   21.0350    4.0483   11.3509    0.2788    0.8312
   10.6020    2.8850   21.0350    4.0765   11.2851    0.2815    0.8300
   10.6020    2.9050   21.0350    4.1048   11.2193    0.2842    0.8288
   10.6020    2.9250   21.0350    4.1330   11.1535    0.2869    0.8276
   10.6020    2.9450   21.0350    4.1613   11.0877    0.2896    0.8264
   10.6020    2.9650   21.0350    4.1896   11.0220    0.2923    0.8252
   10.6020    2.9850   21.0350    4.2178   10.9562    0.2951    0.8240
   10.6020    3.0050   21.0350    4.2461   10.8904    0.2978    0.8227
   10.6020    3.0250   21.0350    4.2743   10.8246    0.3006    0.8215
   10.6020    3.0450   21.0350    4.3026   10.7588    0.3034    0.8203
   10.6020    3.0650   21.0350    4.3309   10.6930    0.3062    0.8191
   10.6020    3.0850   21.0350    4.3591   10.6272    0.3090    0.8179
   10.6020    3.1050   21.0350    4.3874   10.5614    0.3119    0.8166
   10.6020    3.1250   21.0350    4.4156   10.4956    0.3147    0.8154
   10.6020    3.1450   21.0350    4.4439   10.4298    0.3176    0.8142
   10.6020    3.1650   21.0350    4.4722   10.3640    0.3205    0.8130
   10.6020    3.1850   21.0350    4.5004   10.2983    0.3233    0.8117
   10.6020    3.2050   21.0350    4.5287   10.2325    0.3263    0.8105
   10.6020    3.2250   21.0350    4.5569   10.1667    0.3292    0.8093
   10.6020    3.2450   21.0350    4.5852   10.1009    0.3321    0.8081
   10.6020    3.2650   21.0350    4.6135   10.0351    0.3351    0.8068
   10.6020    3.2850   21.0350    4.6417    9.9693    0.3381    0.8056
   10.6020    3.3050   21.0350    4.6700    9.9035    0.3410    0.8044
   10.6020    3.3250   21.0350    4.6982    9.8377    0.3441    0.8031
   10.6020    3.3450   21.0350    4.7265    9.7719    0.3471    0.8019
   10.6020    3.3650   21.0350    4.7548    9.7061    0.3501    0.8007
   10.6020    3.3850   21.0350    4.7830    9.6403    0.3532    0.7994
   10.6020    3.4050   21.0350    4.8113    9.5746    0.3562    0.7982
   10.6020    3.4250   21.0350    4.8395    9.5088    0.3593    0.7969
   10.6020    3.4450   21.0350    4.8678    9.4430    0.3624    0.7957
   10.6020    3.4650   21.0350    4.8961    9.3772    0.3656    0.7945
   10.6020    3.4850   21.0350    4.9243    9.3114    0.3687    0.7932
   10.6020    3.5050   21.0350    4.9526    9.2456    0.3719    0.7920
   10.6020    3.5250   21.0350    4.9808    9.1798    0.3751    0.7907
   10.6020    3.5450   21.0350    5.0091    9.1140    0.3783    0.7895
   10.6020    3.5650   21.0350    5.0374    9.0482    0.3815    0.7882
   10.6020    3.5850   21.0350    5.0656    8.9824    0.3847    0.7870
   10.6020    3.6050   21.0350    5.0939    8.9166    0.3880    0.7857
   10.6020    3.6250   21.0350    5.1221    8.8509    0.3912    0.7845
   10.6020    3.6450   21.0350    5.1504    8.7851    0.3945    0.7833
   10.6020    3.6650   21.0350    5.1787    8.7193    0.3978    0.7820
   10.6020    3.6850   21.0350    5.2069    8.6535    0.4011    0.7808
   10.6020    3.7050   21.0350    5.2352    8.5877    0.4045    0.7795
   10.6020    3.7250   21.0350    5.2634    8.5219    0.4079    0.7783
   10.6020    3.7450   21.0350    5.2917    8.4561    0.4112    0.7770
   10.6020    3.7650   21.0350    5.3200    8.3903    0.4147    0.7757
   10.6020    3.7850   21.0350    5.3482    8.3245    0.4181    0.7745
   10.6020    3.8050   21.0350    5.3765    8.2587    0.4215    0.7732
   10.6020    3.8250   21.0350    5.4047    8.1929    0.4250    0.7720
   10.6020    3.8450   21.0350    5.4330    8.1272    0.4285    0.7707
   10.6020    3.8650   21.0350    5.4613    8.0614    0.4320    0.7695
   10.6020    3.8850   21.0350    5.4895    7.9956    0.4355    0.7682
   10.6020    3.9050   21.0350    5.5178    7.9298    0.4391    0.7670
   10.6020    3.9450   21.0350    5.5743    7.7982    0.4462    0.7645
   10.6020    3.9650   21.0350    5.6026    7.7324    0.4498    0.7632
   10.6020    3.9850   21.0350    5.6308    7.6666    0.4535    0.7620
   10.6020    4.0050   21.0350    5.6591    7.6008    0.4571    0.7607
   10.6020    4.0250   21.0350    5.6873    7.5350    0.4608    0.7595
   10.6020    4.0450   21.0350    5.7156    7.4692    0.4645    0.7582
   10.6020    4.0650   21.0350    5.7439    7.4035    0.4682    0.7570
   10.6020    4.0850   21.0350    5.7721    7.3377    0.4720    0.7557
   10.6020    4.1050   21.0350    5.8004    7.2719    0.4758    0.7545
   10.6020    4.1250   21.0350    5.8287    7.2061    0.4796    0.7533
   10.6020    4.1450   21.0350    5.8569    7.1403    0.4834    0.7520
   10.6020    4.1650   21.0350    5.8852    7.0745    0.4872    0.7508
   10.6020    4.1850   21.0350    5.9134    7.0087    0.4911    0.7496
   10.6020    4.2050   21.0350    5.9417    6.9429    0.4950    0.7483
   10.6020    4.2250   21.0350    5.9700    6.8771    0.4989    0.7471
   10.6020    4.2450   21.0350    5.9982    6.8113    0.5028    0.7459
   10.6020    4.2650   21.0350    6.0265    6.7455    0.5068    0.7447
   10.6020    4.2850   21.0350    6.0547    6.6798    0.5108    0.7435
   10.6020    4.3050   21.0350    6.0830    6.6140    0.5148    0.7423
   10.6020    4.3250   21.0350    6.1113    6.5482    0.5188    0.7411
   10.6020    4.3450   21.0350    6.1395    6.4824    0.5229    0.7399
   10.6020    4.3650   21.0350    6.1678    6.4166    0.5270    0.7388
   10.6020    4.3850   21.0350    6.1960    6.3508    0.5311    0.7376
   10.6020    4.4050   21.0350    6.2243    6.2850    0.5352    0.7364
   10.6020    4.4250   21.0350    6.2526    6.2192    0.5394    0.7353
   10.6020    4.4450   21.0350    6.2808    6.1534    0.5436    0.7341
   10.6020    4.4650   21.0350    6.3091    6.0876    0.5478    0.7330
   10.6020    4.4850   21.0350    6.3373    6.0218    0.5521    0.7319
   10.6020    4.5050   21.0350    6.3656    5.9561    0.5564    0.7307
   10.6020    4.5250   21.0350    6.3939    5.8903    0.5607    0.7296
   10.6020    4.5450   21.0350    6.4221    5.8245    0.5650    0.7285
   10.6020    4.5650   21.0350    6.4504    5.7587    0.5694    0.7275
   10.6020    4.5850   21.0350    6.4786    5.6929    0.5738    0.7264
   10.6020    4.6050   21.0350    6.5069    5.6271    0.5782    0.7253
   10.6020    4.6250   21.0350    6.5352    5.5613    0.5827    0.7243
   10.6020    4.6450   21.0350    6.5634    5.4955    0.5871    0.7232
   10.6020    4.6650   21.0350    6.5917    5.4297    0.5917    0.7222
   10.6020    4.6850   21.0350    6.6199    5.3639    0.5962    0.7212
   10.6020    4.7050   21.0350    6.6482    5.2981    0.6008    0.7202
   10.6020    4.7250   21.0350    6.6765    5.2324    0.6054    0.7193
   10.6020    4.7450   21.0350    6.7047    5.1666    0.6100    0.7183
   10.6020    4.7850   21.0350    6.7612    5.0350    0.6194    0.7165
   10.6020    4.8050   21.0350    6.7895    4.9692    0.6241    0.7156
   10.6020    4.8250   21.0350    6.8178    4.9034    0.6289    0.7147
   10.6020    4.8450   21.0350    6.8460    4.8376    0.6337    0.7138
   10.6020    4.8650   21.0350    6.8743    4.7718    0.6385    0.7130
   10.6020    4.8850   21.0350    6.9025    4.7060    0.6434    0.7121
   10.6020    4.9050   21.0350    6.9308    4.6402    0.6483    0.7113
   10.6020    4.9250   21.0350    6.9591    4.5744    0.6532    0.7105
   10.6020    4.9450   21.0350    6.9873    4.5086    0.6582    0.7098
   10.6020    4.9650   21.0350    7.0156    4.4429    0.6632    0.7090
   10.6020    4.9850   21.0350    7.0438    4.3771    0.6683    0.7083
   10.6020    5.0050   21.0350    7.0721    4.3113    0.6733    0.7076
   10.6020    5.0250   21.0350    7.1004    4.2455    0.6785    0.7069
   10.6020    5.0450   21.0350    7.1286    4.1797    0.6836    0.7063
   10.6020    5.0650   21.0350    7.1569    4.1139    0.6888    0.7057
   10.6020    5.0850   21.0350    7.1851    4.0481    0.6940    0.7051
   10.6020    5.1050   21.0350    7.2134    3.9823    0.6993    0.7046
   10.6020    5.1250   21.0350    7.2417    3.9165    0.7046    0.7041
   10.6020    5.1450   21.0350    7.2699    3.8507    0.7099    0.7037
   10.6020    5.1650   21.0350    7.2982    3.7849    0.7153    0.7034
   10.6020    5.1850   21.0350    7.3264    3.7192    0.7207    0.7031
   10.6020    5.2050   21.0350    7.3547    3.6534    0.7262    0.7028
   10.6020    5.2250   21.0350    7.3830    3.5876    0.7317    0.7027
   10.6020    5.2450   21.0350    7.4112    3.5218    0.7372    0.7026
   10.6020    5.2650   21.0350    7.4395    3.4560    0.7428    0.7025
   10.6020    5.2850   21.0350    7.4677    3.3902    0.7485    0.7026
   10.6020    5.3050   21.0350    7.4960    3.3244    0.7541    0.7027
   10.6020    5.3250   21.0350    7.5243    3.2586    0.7598    0.7030
   10.6020    5.3450   21.0350    7.5525    3.1928    0.7656    0.7033
   10.6020    5.3650   21.0350    7.5808    3.1270    0.7714    0.7038
   10.6020    5.3850   21.0350    7.6090    3.0612    0.7772    0.7045
   10.6020    5.4050   21.0350    7.6373    2.9955    0.7831    0.7053
   10.6020    5.4250   21.0350    7.6656    2.9297    0.7891    0.7062
   10.6020    5.4450   21.0350    7.6938    2.8639    0.7950    0.7074
   10.6020    5.4650   21.0350    7.7221    2.7981    0.8011    0.7089
   10.6020    5.4850   21.0350    7.7503    2.7323    0.8071    0.7106
   10.6020    5.5050   21.0350    7.7786    2.6665    0.8133    0.7127
   10.6020    5.5250   21.0350    7.8069    2.6007    0.8194    0.7153
   10.6020    5.5450   21.0350    7.8351    2.5349    0.8256    0.7182
   10.6020    5.5650   21.0350    7.8634    2.4691    0.8319    0.7218
   10.6020    5.5850   21.0350    7.8916    2.4033    0.8382    0.7261
   10.6020    5.6050   21.0350    7.9199    2.3375    0.8446    0.7312
   10.6020    5.6250   21.0350    7.9482    2.2718    0.8510    0.7373
   10.6020    5.6450   21.0350    7.9764    2.2060    0.8575    0.7446
   10.6020    5.6650   21.0350    8.0047    2.1402    0.8640    0.7534
   10.6020    5.6850   21.0350    8.0329    2.0744    0.8706    0.7640
   10.6020    5.7050   21.0350    8.0612    2.0086    0.8772    0.7770
   10.6020    5.7250   21.0350    8.0895    1.9428    0.8839    0.7928
   10.6020    5.7450   21.0350    8.1177    1.8770    0.8907    0.8122
   10.6020    5.7650   21.0350    8.1460    1.8112    0.8974    0.8362
   10.6020    5.7850   21.0350    8.1742    1.7454    0.9043    0.8664
   10.6020    5.8050   21.0350    8.2025    1.6796    0.9112    0.9050
   10.6020    5.8250   21.0350    8.2308    1.6138    0.9182    0.9558
   10.6020    5.8450   21.0350    8.2590    1.5481    0.9252    1.0255
   10.6020    5.8650   21.0350    8.2873    1.4823    0.9323    1.1257
   10.6020    5.8850   21.0350    8.3155    1.4165    0.9394    1.2797
   10.6020    5.9050   21.0350    8.3438    1.3507    0.9466    1.5419
   10.6020    5.9250   21.0350    8.3721    1.2849    0.9539    2.0744
   10.6020    5.9450   21.0350    8.4003    1.2191    0.9612    3.6724
   10.6020    2.2250   24.9800    4.4133   12.1868    0.2808    0.8295
   10.6020    2.2450   24.9800    4.4530   12.1096    0.2840    0.8280
   10.6020    2.2650   24.9800    4.4927   12.0324    0.2872    0.8266
   10.6020    2.2850   24.9800    4.5323   11.9552    0.2904    0.8251
   10.6020    2.3050   24.9800    4.5720   11.8780    0.2936    0.8237
   10.6020    2.3250   24.9800    4.6117   11.8008    0.2969    0.8222
   10.6020    2.3450   24.9800    4.6514   11.7236    0.3002    0.8208
   10.6020    2.3650   24.9800    4.6910   11.6464    0.3035    0.8193
   10.6020    2.3850   24.9800    4.7307   11.5692    0.3068    0.8179
   10.6020    2.4050   24.9800    4.7704   11.4920    0.3101    0.8164
   10.6020    2.4250   24.9800    4.8100   11.4148    0.3135    0.8150
   10.6020    2.4450   24.9800    4.8497   11.3376    0.3168    0.8135
   10.6020    2.4650   24.9800    4.8894   11.2604    0.3202    0.8120
   10.6020    2.4850   24.9800    4.9291   11.1832    0.3236    0.8106
   10.6020    2.5050   24.9800    4.9687   11.1060    0.3270    0.8092
   10.6020    2.5250   24.9800    5.0084   11.0288    0.3304    0.8077
   10.6020    2.5450   24.9800    5.0481   10.9516    0.3339    0.8063
   10.6020    2.5650   24.9800    5.0877   10.8744    0.3373    0.8048
   10.6020    2.5850   24.9800    5.1274   10.7972    0.3408    0.8034
   10.6020    2.6050   24.9800    5.1671   10.7200    0.3443    0.8019
   10.6020    2.6250   24.9800    5.2067   10.6428    0.3478    0.8005
   10.6020    2.6450   24.9800    5.2464   10.5656    0.3514    0.7990
   10.6020    2.6650   24.9800    5.2861   10.4884    0.3549    0.7976
   10.6020    2.6850   24.9800    5.3258   10.4112    0.3585    0.7961
   10.6020    2.7050   24.9800    5.3654   10.3340    0.3621    0.7947
   10.6020    2.7250   24.9800    5.4051   10.2568    0.3657    0.7933
   10.6020    2.7450   24.9800    5.4448   10.1796    0.3693    0.7918
   10.6020    2.7650   24.9800    5.4844   10.1024    0.3729    0.7904
   10.6020    2.7850   24.9800    5.5241   10.0252    0.3766    0.7889
   10.6020    2.8050   24.9800    5.5638    9.9480    0.3803    0.7875
   10.6020    2.8250   24.9800    5.6035    9.8708    0.3840    0.7861
   10.6020    2.8450   24.9800    5.6431    9.7936    0.3877    0.7846
   10.6020    2.8650   24.9800    5.6828    9.7164    0.3914    0.7832
   10.6020    2.8850   24.9800    5.7225    9.6392    0.3952    0.7818
   10.6020    2.9050   24.9800    5.7621    9.5620    0.3989    0.7803
   10.6020    2.9250   24.9800    5.8018    9.4848    0.4027    0.7789
   10.6020    2.9450   24.9800    5.8415    9.4076    0.4065    0.7775
   10.6020    2.9650   24.9800    5.8811    9.3304    0.4104    0.7760
   10.6020    2.9850   24.9800    5.9208    9.2532    0.4142    0.7746
   10.6020    3.0050   24.9800    5.9605    9.1760    0.4181    0.7732
   10.6020    3.0250   24.9800    6.0002    9.0988    0.4220    0.7717
   10.6020    3.0450   24.9800    6.0398    9.0216    0.4259    0.7703
   10.6020    3.0650   24.9800    6.0795    8.9444    0.4298    0.7689
   10.6020    3.0850   24.9800    6.1192    8.8672    0.4338    0.7674
   10.6020    3.1050   24.9800    6.1588    8.7900    0.4378    0.7660
   10.6020    3.1250   24.9800    6.1985    8.7128    0.4418    0.7646
   10.6020    3.1450   24.9800    6.2382    8.6356    0.4458    0.7632
   10.6020    3.1650   24.9800    6.2778    8.5584    0.4498    0.7617
   10.6020    3.1850   24.9800    6.3175    8.4812    0.4539    0.7603
   10.6020    3.2050   24.9800    6.3572    8.4040    0.4580    0.7589
   10.6020    3.2250   24.9800    6.3969    8.3268    0.4621    0.7575
   10.6020    3.2450   24.9800    6.4365    8.2496    0.4662    0.7561
   10.6020    3.2650   24.9800    6.4762    8.1724    0.4704    0.7547
   10.6020    3.2850   24.9800    6.5159    8.0952    0.4745    0.7533
   10.6020    3.3050   24.9800    6.5555    8.0180    0.4787    0.7519
   10.6020    3.3250   24.9800    6.5952    7.9408    0.4830    0.7505
   10.6020    3.3450   24.9800    6.6349    7.8636    0.4872    0.7491
   10.6020    3.3650   24.9800    6.6746    7.7864    0.4915    0.7477
   10.6020    3.3850   24.9800    6.7142    7.7091    0.4958    0.7463
   10.6020    3.4050   24.9800    6.7539    7.6319    0.5001    0.7449
   10.6020    3.4250   24.9800    6.7936    7.5547    0.5044    0.7436
   10.6020    3.4450   24.9800    6.8332    7.4775    0.5088    0.7422
   10.6020    3.4650   24.9800    6.8729    7.4003    0.5132    0.7408
   10.6020    3.4850   24.9800    6.9126    7.3231    0.5176    0.7395
   10.6020    3.5050   24.9800    6.9522    7.2459    0.5220    0.7382
   10.6020    3.5250   24.9800    6.9919    7.1687    0.5265    0.7368
   10.6020    3.5450   24.9800    7.0316    7.0915    0.5310    0.7355
   10.6020    3.5650   24.9800    7.0713    7.0143    0.5355    0.7342
   10.6020    3.5850   24.9800    7.1109    6.9371    0.5400    0.7329
   10.6020    3.6050   24.9800    7.1506    6.8599    0.5446    0.7316
   10.6020    3.6250   24.9800    7.1903    6.7827    0.5492    0.7303
   10.6020    3.6450   24.9800    7.2299    6.7055    0.5538    0.7291
   10.6020    3.6650   24.9800    7.2696    6.6283    0.5584    0.7278
   10.6020    3.6850   24.9800    7.3093    6.5511    0.5631    0.7266
   10.6020    3.7050   24.9800    7.3490    6.4739    0.5678    0.7254
   10.6020    3.7250   24.9800    7.3886    6.3967    0.5725    0.7241
   10.6020    3.7450   24.9800    7.4283    6.3195    0.5773    0.7230
   10.6020    3.7650   24.9800    7.4680    6.2423    0.5821    0.7218
   10.6020    3.7850   24.9800    7.5076    6.1651    0.5869    0.7206
   10.6020    3.8050   24.9800    7.5473    6.0879    0.5917    0.7195
   10.6020    3.8250   24.9800    7.5870    6.0107    0.5966    0.7183
   10.6020    3.8450   24.9800    7.6266    5.9335    0.6015    0.7172
   10.6020    3.8650   24.9800    7.6663    5.8563    0.6064    0.7162
   10.6020    3.8850   24.9800    7.7060    5.7791    0.6114    0.7151
   10.6020    3.9050   24.9800    7.7457    5.7019    0.6163    0.7140
   10.6020    3.9250   24.9800    7.7853    5.6247    0.6214    0.7130
   10.6020    3.9450   24.9800    7.8250    5.5475    0.6264    0.7120
   10.6020    3.9650   24.9800    7.8647    5.4703    0.6315    0.7111
   10.6020    3.9850   24.9800    7.9043    5.3931    0.6366    0.7101
   10.6020    4.0050   24.9800    7.9440    5.3159    0.6417    0.7092
   10.6020    4.0250   24.9800    7.9837    5.2387    0.6469    0.7083
   10.6020    4.0450   24.9800    8.0233    5.1615    0.6521    0.7075
   10.6020    4.0650   24.9800    8.0630    5.0843    0.6573    0.7066
   10.6020    4.0850   24.9800    8.1027    5.0071    0.6626    0.7058
   10.6020    4.1050   24.9800    8.1424    4.9299    0.6678    0.7051
   10.6020    4.1250   24.9800    8.1820    4.8527    0.6732    0.7043
   10.6020    4.1450   24.9800    8.2217    4.7755    0.6785    0.7037
   10.6020    4.1650   24.9800    8.2614    4.6983    0.6839    0.7030
   10.6020    4.1850   24.9800    8.3010    4.6211    0.6894    0.7024
   10.6020    4.2050   24.9800    8.3407    4.5439    0.6948    0.7019
   10.6020    4.2250   24.9800    8.3804    4.4667    0.7003    0.7014
   10.6020    4.2450   24.9800    8.4201    4.3895    0.7058    0.7010
   10.6020    4.2650   24.9800    8.4597    4.3123    0.7114    0.7006
   10.6020    4.2850   24.9800    8.4994    4.2351    0.7170    0.7003
   10.6020    4.3050   24.9800    8.5391    4.1579    0.7226    0.7001
   10.6020    4.3250   24.9800    8.5787    4.0807    0.7283    0.7000
   10.6020    4.3450   24.9800    8.6184    4.0035    0.7340    0.6999
   10.6020    4.3650   24.9800    8.6581    3.9263    0.7398    0.7000
   10.6020    4.3850   24.9800    8.6977    3.8491    0.7455    0.7001
   10.6020    4.4050   24.9800    8.7374    3.7719    0.7514    0.7003
   10.6020    4.4250   24.9800    8.7771    3.6947    0.7572    0.7007
   10.6020    4.4450   24.9800    8.8168    3.6175    0.7631    0.7012
   10.6020    4.4650   24.9800    8.8564    3.5403    0.7690    0.7018
   10.6020    4.4850   24.9800    8.8961    3.4631    0.7750    0.7026
   10.6020    4.5050   24.9800    8.9358    3.3859    0.7810    0.7036
   10.6020    4.5250   24.9800    8.9754    3.3087    0.7871    0.7048
   10.6020    4.5450   24.9800    9.0151    3.2315    0.7931    0.7062
   10.6020    4.5650   24.9800    9.0548    3.1543    0.7993    0.7079
   10.6020    4.5850   24.9800    9.0945    3.0771    0.8054    0.7098
   10.6020    4.6050   24.9800    9.1341    2.9999    0.8117    0.7122
   10.6020    4.6250   24.9800    9.1738    2.9227    0.8179    0.7149
   10.6020    4.6450   24.9800    9.2135    2.8455    0.8242    0.7181
   10.6020    4.6650   24.9800    9.2531    2.7683    0.8305    0.7219
   10.6020    4.6850   24.9800    9.2928    2.6911    0.8369    0.7264
   10.6020    4.7050   24.9800    9.3325    2.6139    0.8433    0.7316
   10.6020    4.7250   24.9800    9.3721    2.5367    0.8498    0.7378
   10.6020    4.7450   24.9800    9.4118    2.4595    0.8563    0.7451
   10.6020    4.7650   24.9800    9.4515    2.3823    0.8629    0.7538
   10.6020    4.7850   24.9800    9.4912    2.3051    0.8695    0.7642
   10.6020    4.8050   24.9800    9.5308    2.2279    0.8761    0.7767
   10.6020    4.8250   24.9800    9.5705    2.1507    0.8828    0.7918
   10.6020    4.8450   24.9800    9.6102    2.0735    0.8896    0.8100
   10.6020    4.8650   24.9800    9.6498    1.9962    0.8963    0.8322
   10.6020    4.8850   24.9800    9.6895    1.9190    0.9032    0.8596
   10.6020    4.9050   24.9800    9.7292    1.8418    0.9101    0.8938
   10.6020    4.9250   24.9800    9.7688    1.7646    0.9170    0.9376
   10.6020    4.9450   24.9800    9.8085    1.6874    0.9240    0.9954
   10.6020    4.9650   24.9800    9.8482    1.6102    0.9310    1.0745
   10.6020    4.9850   24.9800    9.8879    1.5330    0.9381    1.1884
   10.6020    5.0050   24.9800    9.9275    1.4558    0.9452    1.3641
   10.6020    5.0250   24.9800    9.9672    1.3786    0.9524    1.6653
   10.6020    5.0450   24.9800   10.0069    1.3014    0.9596    2.2873
   10.6020    5.0650   24.9800   10.0465    1.2242    0.9669    4.2581
   10.6020    1.7850   28.9900    4.7423   12.6835    0.2866    0.8262
   10.6020    1.8050   28.9900    4.7955   12.5928    0.2905    0.8245
   10.6020    1.8250   28.9900    4.8486   12.5022    0.2944    0.8227
   10.6020    1.8450   28.9900    4.9017   12.4115    0.2983    0.8210
   10.6020    1.8650   28.9900    4.9549   12.3208    0.3022    0.8192
   10.6020    1.8850   28.9900    5.0080   12.2302    0.3062    0.8175
   10.6020    1.9050   28.9900    5.0611   12.1395    0.3101    0.8158
   10.6020    1.9250   28.9900    5.1143   12.0488    0.3141    0.8140
   10.6020    1.9450   28.9900    5.1674   11.9582    0.3181    0.8123
   10.6020    1.9650   28.9900    5.2206   11.8675    0.3221    0.8106
   10.6020    1.9850   28.9900    5.2737   11.7768    0.3261    0.8088
   10.6020    2.0050   28.9900    5.3268   11.6862    0.3302    0.8071
   10.6020    2.0250   28.9900    5.3800   11.5955    0.3343    0.8054
   10.6020    2.0450   28.9900    5.4331   11.5048    0.3384    0.8037
   10.6020    2.0650   28.9900    5.4862   11.4142    0.3425    0.8020
   10.6020    2.0850   28.9900    5.5394   11.3235    0.3466    0.8003
   10.6020    2.1050   28.9900    5.5925   11.2328    0.3507    0.7985
   10.6020    2.1250   28.9900    5.6456   11.1422    0.3549    0.7968
   10.6020    2.1450   28.9900    5.6988   11.0515    0.3591    0.7951
   10.6020    2.1650   28.9900    5.7519   10.9609    0.3633    0.7934
   10.6020    2.1850   28.9900    5.8050   10.8702    0.3675    0.7917
   10.6020    2.2050   28.9900    5.8582   10.7795    0.3718    0.7901
   10.6020    2.2250   28.9900    5.9113   10.6889    0.3760    0.7884
   10.6020    2.2450   28.9900    5.9644   10.5982    0.3803    0.7867
   10.6020    2.2650   28.9900    6.0176   10.5075    0.3846    0.7850
   10.6020    2.2850   28.9900    6.0707   10.4169    0.3890    0.7833
   10.6020    2.3050   28.9900    6.1239   10.3262    0.3933    0.7816
   10.6020    2.3250   28.9900    6.1770   10.2355    0.3977    0.7800
   10.6020    2.3450   28.9900    6.2301   10.1449    0.4021    0.7783
   10.6020    2.3650   28.9900    6.2833   10.0542    0.4065    0.7766
   10.6020    2.3850   28.9900    6.3364    9.9635    0.4109    0.7750
   10.6020    2.4050   28.9900    6.3895    9.8729    0.4154    0.7733
   10.6020    2.4250   28.9900    6.4427    9.7822    0.4199    0.7716
   10.6020    2.4450   28.9900    6.4958    9.6915    0.4244    0.7700
   10.6020    2.4650   28.9900    6.5489    9.6009    0.4289    0.7683
   10.6020    2.4850   28.9900    6.6021    9.5102    0.4334    0.7667
   10.6020    2.5050   28.9900    6.6552    9.4195    0.4380    0.7650
   10.6020    2.5250   28.9900    6.7083    9.3289    0.4426    0.7634
   10.6020    2.5450   28.9900    6.7615    9.2382    0.4472    0.7617
   10.6020    2.5650   28.9900    6.8146    9.1475    0.4518    0.7601
   10.6020    2.5850   28.9900    6.8678    9.0569    0.4565    0.7584
   10.6020    2.6050   28.9900    6.9209    8.9662    0.4612    0.7568
   10.6020    2.6250   28.9900    6.9740    8.8755    0.4659    0.7552
   10.6020    2.6450   28.9900    7.0272    8.7849    0.4706    0.7536
   10.6020    2.6650   28.9900    7.0803    8.6942    0.4754    0.7519
   10.6020    2.6850   28.9900    7.1334    8.6035    0.4802    0.7503
   10.6020    2.7050   28.9900    7.1866    8.5129    0.4850    0.7487
   10.6020    2.7250   28.9900    7.2397    8.4222    0.4898    0.7471
   10.6020    2.7450   28.9900    7.2928    8.3315    0.4946    0.7455
   10.6020    2.7650   28.9900    7.3460    8.2409    0.4995    0.7439
   10.6020    2.7850   28.9900    7.3991    8.1502    0.5044    0.7424
   10.6020    2.8050   28.9900    7.4522    8.0595    0.5093    0.7408
   10.6020    2.8250   28.9900    7.5054    7.9689    0.5143    0.7393
   10.6020    2.8450   28.9900    7.5585    7.8782    0.5193    0.7377
   10.6020    2.8650   28.9900    7.6116    7.7875    0.5243    0.7362
   10.6020    2.8850   28.9900    7.6648    7.6969    0.5293    0.7347
   10.6020    2.9050   28.9900    7.7179    7.6062    0.5343    0.7332
   10.6020    2.9250   28.9900    7.7711    7.5155    0.5394    0.7317
   10.6020    2.9450   28.9900    7.8242    7.4249    0.5445    0.7302
   10.6020    2.9650   28.9900    7.8773    7.3342    0.5497    0.7287
   10.6020    2.9850   28.9900    7.9305    7.2435    0.5548    0.7273
   10.6020    3.0050   28.9900    7.9836    7.1529    0.5600    0.7258
   10.6020    3.0250   28.9900    8.0367    7.0622    0.5652    0.7244
   10.6020    3.0450   28.9900    8.0899    6.9715    0.5705    0.7230
   10.6020    3.0650   28.9900    8.1430    6.8809    0.5757    0.7216
   10.6020    3.0850   28.9900    8.1961    6.7902    0.5810    0.7203
   10.6020    3.1050   28.9900    8.2493    6.6995    0.5864    0.7189
   10.6020    3.1250   28.9900    8.3024    6.6089    0.5917    0.7176
   10.6020    3.1450   28.9900    8.3555    6.5182    0.5971    0.7163
   10.6020    3.1650   28.9900    8.4087    6.4275    0.6025    0.7151
   10.6020    3.1850   28.9900    8.4618    6.3369    0.6080    0.7138
   10.6020    3.2050   28.9900    8.5149    6.2462    0.6134    0.7126
   10.6020    3.2250   28.9900    8.5681    6.1555    0.6189    0.7114
   10.6020    3.2450   28.9900    8.6212    6.0649    0.6245    0.7103
   10.6020    3.2650   28.9900    8.6744    5.9742    0.6300    0.7092
   10.6020    3.2850   28.9900    8.7275    5.8835    0.6356    0.7081
   10.6020    3.3050   28.9900    8.7806    5.7929    0.6412    0.7070
   10.6020    3.3250   28.9900    8.8338    5.7022    0.6469    0.7060
   10.6020    3.3450   28.9900    8.8869    5.6115    0.6526    0.7050
   10.6020    3.3650   28.9900    8.9400    5.5209    0.6583    0.7041
   10.6020    3.3850   28.9900    8.9932    5.4302    0.6640    0.7032
   10.6020    3.4050   28.9900    9.0463    5.3395    0.6698    0.7024
   10.6020    3.4250   28.9900    9.0994    5.2489    0.6756    0.7016
   10.6020    3.4450   28.9900    9.1526    5.1582    0.6815    0.7009
   10.6020    3.4650   28.9900    9.2057    5.0675    0.6874    0.7002
   10.6020    3.4850   28.9900    9.2588    4.9769    0.6933    0.6996
   10.6020    3.5050   28.9900    9.3120    4.8862    0.6992    0.6991
   10.6020    3.5250   28.9900    9.3651    4.7955    0.7052    0.6986
   10.6020    3.5450   28.9900    9.4182    4.7049    0.7112    0.6982
   10.6020    3.5650   28.9900    9.4714    4.6142    0.7172    0.6979
   10.6020    3.5850   28.9900    9.5245    4.5235    0.7233    0.6978
   10.6020    3.6050   28.9900    9.5777    4.4329    0.7294    0.6977
   10.6020    3.6250   28.9900    9.6308    4.3422    0.7356    0.6977
   10.6020    3.6450   28.9900    9.6839    4.2515    0.7418    0.6978
   10.6020    3.6650   28.9900    9.7371    4.1609    0.7480    0.6981
   10.6020    3.6850   28.9900    9.7902    4.0702    0.7542    0.6985
   10.6020    3.7050   28.9900    9.8433    3.9795    0.7605    0.6991
   10.6020    3.7250   28.9900    9.8965    3.8889    0.7669    0.6998
   10.6020    3.7450   28.9900    9.9496    3.7982    0.7732    0.7008
   10.6020    3.7650   28.9900   10.0027    3.7075    0.7796    0.7019
   10.6020    3.7850   28.9900   10.0559    3.6169    0.7861    0.7033
   10.6020    3.8050   28.9900   10.1090    3.5262    0.7926    0.7050
   10.6020    3.8250   28.9900   10.1621    3.4355    0.7991    0.7070
   10.6020    3.8450   28.9900   10.2153    3.3449    0.8056    0.7093
   10.6020    3.8650   28.9900   10.2684    3.2542    0.8122    0.7121
   10.6020    3.8850   28.9900   10.3216    3.1636    0.8189    0.7154
   10.6020    3.9050   28.9900   10.3747    3.0729    0.8255    0.7192
   10.6020    3.9250   28.9900   10.4278    2.9822    0.8322    0.7237
   10.6020    3.9450   28.9900   10.4810    2.8916    0.8390    0.7289
   10.6020    3.9650   28.9900   10.5341    2.8009    0.8458    0.7351
   10.6020    3.9850   28.9900   10.5872    2.7102    0.8526    0.7425
   10.6020    4.0050   28.9900   10.6404    2.6196    0.8595    0.7512
   10.6020    4.0250   28.9900   10.6935    2.5289    0.8664    0.7616
   10.6020    4.0450   28.9900   10.7466    2.4382    0.8734    0.7740
   10.6020    4.0650   28.9900   10.7998    2.3476    0.8804    0.7889
   10.6020    4.0850   28.9900   10.8529    2.2569    0.8874    0.8070
   10.6020    4.1050   28.9900   10.9060    2.1662    0.8945    0.8290
   10.6020    4.1250   28.9900   10.9592    2.0756    0.9017    0.8560
   10.6020    4.1450   28.9900   11.0123    1.9849    0.9088    0.8896
   10.6020    4.1650   28.9900   11.0654    1.8942    0.9161    0.9323
   10.6020    4.1850   28.9900   11.1186    1.8036    0.9233    0.9881
   10.6020    4.2050   28.9900   11.1717    1.7129    0.9306    1.0638
   10.6020    4.2250   28.9900   11.2249    1.6222    0.9380    1.1711
   10.6020    4.2450   28.9900   11.2780    1.5316    0.9454    1.3330
   10.6020    4.2650   28.9900   11.3311    1.4409    0.9529    1.6016
   10.6020    4.2850   28.9900   11.3843    1.3502    0.9604    2.1237
   10.6020    4.3050   28.9900   11.4374    1.2596    0.9679    3.5396
   10.6020    1.5250   32.9750    5.2091   12.7047    0.3058    0.8172
   10.6020    1.5450   32.9750    5.2774   12.5988    0.3105    0.8151
   10.6020    1.5650   32.9750    5.3457   12.4930    0.3152    0.8131
   10.6020    1.5850   32.9750    5.4140   12.3871    0.3200    0.8110
   10.6020    1.6050   32.9750    5.4823   12.2813    0.3247    0.8090
   10.6020    1.6250   32.9750    5.5507   12.1754    0.3295    0.8069
   10.6020    1.6450   32.9750    5.6190   12.0696    0.3343    0.8049
   10.6020    1.6650   32.9750    5.6873   11.9637    0.3391    0.8029
   10.6020    1.6850   32.9750    5.7556   11.8579    0.3440    0.8008
   10.6020    1.7050   32.9750    5.8239   11.7520    0.3488    0.7988
   10.6020    1.7250   32.9750    5.8922   11.6462    0.3537    0.7968
   10.6020    1.7450   32.9750    5.9606   11.5403    0.3586    0.7948
   10.6020    1.7650   32.9750    6.0289   11.4345    0.3636    0.7928
   10.6020    1.7850   32.9750    6.0972   11.3287    0.3685    0.7908
   10.6020    1.8050   32.9750    6.1655   11.2228    0.3735    0.7888
   10.6020    1.8250   32.9750    6.2338   11.1170    0.3785    0.7869
   10.6020    1.8450   32.9750    6.3021   11.0111    0.3835    0.7849
   10.6020    1.8650   32.9750    6.3705   10.9053    0.3886    0.7829
   10.6020    1.8850   32.9750    6.4388   10.7994    0.3936    0.7810
   10.6020    1.9050   32.9750    6.5071   10.6936    0.3987    0.7790
   10.6020    1.9250   32.9750    6.5754   10.5877    0.4038    0.7771
   10.6020    1.9450   32.9750    6.6437   10.4819    0.4090    0.7751
   10.6020    1.9650   32.9750    6.7120   10.3760    0.4141    0.7732
   10.6020    1.9850   32.9750    6.7803   10.2702    0.4193    0.7713
   10.6020    2.0050   32.9750    6.8487   10.1643    0.4245    0.7693
   10.6020    2.0250   32.9750    6.9170   10.0585    0.4298    0.7674
   10.6020    2.0450   32.9750    6.9853    9.9526    0.4350    0.7655
   10.6020    2.0650   32.9750    7.0536    9.8468    0.4403    0.7636
   10.6020    2.0850   32.9750    7.1219    9.7410    0.4456    0.7617
   10.6020    2.1050   32.9750    7.1902    9.6351    0.4509    0.7598
   10.6020    2.1250   32.9750    7.2586    9.5293    0.4563    0.7579
   10.6020    2.1450   32.9750    7.3269    9.4234    0.4617    0.7560
   10.6020    2.1650   32.9750    7.3952    9.3176    0.4671    0.7541
   10.6020    2.1850   32.9750    7.4635    9.2117    0.4725    0.7522
   10.6020    2.2050   32.9750    7.5318    9.1059    0.4780    0.7503
   10.6020    2.2250   32.9750    7.6001    9.0000    0.4835    0.7485
   10.6020    2.2450   32.9750    7.6685    8.8942    0.4890    0.7466
   10.6020    2.2650   32.9750    7.7368    8.7883    0.4945    0.7448
   10.6020    2.2850   32.9750    7.8051    8.6825    0.5001    0.7430
   10.6020    2.3050   32.9750    7.8734    8.5766    0.5057    0.7412
   10.6020    2.3250   32.9750    7.9417    8.4708    0.5113    0.7394
   10.6020    2.3450   32.9750    8.0100    8.3649    0.5170    0.7376
   10.6020    2.3650   32.9750    8.0783    8.2591    0.5226    0.7358
   10.6020    2.3850   32.9750    8.1467    8.1533    0.5283    0.7340
   10.6020    2.4050   32.9750    8.2150    8.0474    0.5341    0.7323
   10.6020    2.4250   32.9750    8.2833    7.9416    0.5398    0.7306
   10.6020    2.4450   32.9750    8.3516    7.8357    0.5456    0.7289
   10.6020    2.4650   32.9750    8.4199    7.7299    0.5514    0.7272
   10.6020    2.4850   32.9750    8.4882    7.6240    0.5573    0.7255
   10.6020    2.5050   32.9750    8.5566    7.5182    0.5631    0.7239
   10.6020    2.5250   32.9750    8.6249    7.4123    0.5690    0.7223
   10.6020    2.5450   32.9750    8.6932    7.3065    0.5750    0.7207
   10.6020    2.5650   32.9750    8.7615    7.2006    0.5809    0.7191
   10.6020    2.5850   32.9750    8.8298    7.0948    0.5869    0.7176
   10.6020    2.6050   32.9750    8.8981    6.9889    0.5929    0.7160
   10.6020    2.6250   32.9750    8.9665    6.8831    0.5990    0.7146
   10.6020    2.6450   32.9750    9.0348    6.7772    0.6051    0.7131
   10.6020    2.6650   32.9750    9.1031    6.6714    0.6112    0.7117
   10.6020    2.6850   32.9750    9.1714    6.5656    0.6173    0.7103
   10.6020    2.7050   32.9750    9.2397    6.4597    0.6235    0.7090
   10.6020    2.7250   32.9750    9.3080    6.3539    0.6297    0.7077
   10.6020    2.7450   32.9750    9.3763    6.2480    0.6359    0.7064
   10.6020    2.7650   32.9750    9.4447    6.1422    0.6422    0.7052
   10.6020    2.7850   32.9750    9.5130    6.0363    0.6485    0.7041
   10.6020    2.8050   32.9750    9.5813    5.9305    0.6548    0.7030
   10.6020    2.8250   32.9750    9.6496    5.8246    0.6612    0.7019
   10.6020    2.8450   32.9750    9.7179    5.7188    0.6676    0.7010
   10.6020    2.8650   32.9750    9.7862    5.6129    0.6740    0.7001
   10.6020    2.8850   32.9750    9.8546    5.5071    0.6805    0.6992
   10.6020    2.9050   32.9750    9.9229    5.4012    0.6870    0.6985
   10.6020    2.9250   32.9750    9.9912    5.2954    0.6935    0.6978
   10.6020    2.9450   32.9750   10.0595    5.1895    0.7001    0.6972
   10.6020    2.9650   32.9750   10.1278    5.0837    0.7067    0.6967
   10.6020    2.9850   32.9750   10.1961    4.9779    0.7133    0.6963
   10.6020    3.0050   32.9750   10.2645    4.8720    0.7200    0.6961
   10.6020    3.0250   32.9750   10.3328    4.7662    0.7267    0.6959
   10.6020    3.0450   32.9750   10.4011    4.6603    0.7334    0.6959
   10.6020    3.0650   32.9750   10.4694    4.5545    0.7402    0.6961
   10.6020    3.0850   32.9750   10.5377    4.4486    0.7470    0.6964
   10.6020    3.1050   32.9750   10.6060    4.3428    0.7539    0.6969
   10.6020    3.1250   32.9750   10.6743    4.2369    0.7608    0.6976
   10.6020    3.1450   32.9750   10.7427    4.1311    0.7677    0.6985
   10.6020    3.1650   32.9750   10.8110    4.0252    0.7747    0.6997
   10.6020    3.1850   32.9750   10.8793    3.9194    0.7817    0.7012
   10.6020    3.2050   32.9750   10.9476    3.8135    0.7887    0.7029
   10.6020    3.2250   32.9750   11.0159    3.7077    0.7958    0.7051
   10.6020    3.2450   32.9750   11.0842    3.6018    0.8029    0.7076
   10.6020    3.2650   32.9750   11.1526    3.4960    0.8100    0.7107
   10.6020    3.2850   32.9750   11.2209    3.3902    0.8172    0.7143
   10.6020    3.3050   32.9750   11.2892    3.2843    0.8244    0.7185
   10.6020    3.3250   32.9750   11.3575    3.1785    0.8317    0.7236
   10.6020    3.3450   32.9750   11.4258    3.0726    0.8390    0.7295
   10.6020    3.3650   32.9750   11.4941    2.9668    0.8464    0.7366
   10.6020    3.3850   32.9750   11.5625    2.8609    0.8538    0.7450
   10.6020    3.4050   32.9750   11.6308    2.7551    0.8612    0.7551
   10.6020    3.4250   32.9750   11.6991    2.6492    0.8687    0.7672
   10.6020    3.4450   32.9750   11.7674    2.5434    0.8762    0.7818
   10.6020    3.4650   32.9750   11.8357    2.4375    0.8837    0.7995
   10.6020    3.4850   32.9750   11.9040    2.3317    0.8913    0.8213
   10.6020    3.5050   32.9750   11.9724    2.2258    0.8990    0.8481
   10.6020    3.5250   32.9750   12.0407    2.1200    0.9067    0.8815
   10.6020    3.5450   32.9750   12.1090    2.0141    0.9144    0.9241
   10.6020    3.5650   32.9750   12.1773    1.9083    0.9222    0.9800
   10.6020    3.5850   32.9750   12.2456    1.8025    0.9300    1.0558
   10.6020    3.6050   32.9750   12.3139    1.6966    0.9378    1.1636
   10.6020    3.6250   32.9750   12.3822    1.5908    0.9457    1.3271
   10.6020    3.6450   32.9750   12.4506    1.4849    0.9537    1.5996
   10.6020    3.6650   32.9750   12.5189    1.3791    0.9617    2.1342
   10.6020    3.6850   32.9750   12.5872    1.2732    0.9697    3.6156
   10.6020    1.1650   38.9750    5.4983   13.0910    0.3105    0.8147
   10.6020    1.1850   38.9750    5.5927   12.9591    0.3165    0.8121
   10.6020    1.2050   38.9750    5.6871   12.8272    0.3225    0.8095
   10.6020    1.2250   38.9750    5.7815   12.6952    0.3286    0.8068
   10.6020    1.2450   38.9750    5.8759   12.5633    0.3346    0.8043
   10.6020    1.2650   38.9750    5.9703   12.4314    0.3407    0.8017
   10.6020    1.2850   38.9750    6.0647   12.2995    0.3469    0.7991
   10.6020    1.3050   38.9750    6.1590   12.1675    0.3530    0.7966
   10.6020    1.3250   38.9750    6.2534   12.0356    0.3592    0.7941
   10.6020    1.3450   38.9750    6.3478   11.9037    0.3654    0.7915
   10.6020    1.3650   38.9750    6.4422   11.7718    0.3717    0.7890
   10.6020    1.3850   38.9750    6.5366   11.6398    0.3779    0.7866
   10.6020    1.4050   38.9750    6.6310   11.5079    0.3842    0.7841
   10.6020    1.4250   38.9750    6.7254   11.3760    0.3905    0.7816
   10.6020    1.4450   38.9750    6.8198   11.2441    0.3969    0.7792
   10.6020    1.4650   38.9750    6.9142   11.1122    0.4033    0.7767
   10.6020    1.4850   38.9750    7.0086   10.9802    0.4097    0.7743
   10.6020    1.5050   38.9750    7.1030   10.8483    0.4161    0.7719
   10.6020    1.5250   38.9750    7.1974   10.7164    0.4225    0.7695
   10.6020    1.5450   38.9750    7.2917   10.5845    0.4290    0.7671
   10.6020    1.5650   38.9750    7.3861   10.4525    0.4355    0.7647
   10.6020    1.5850   38.9750    7.4805   10.3206    0.4421    0.7623
   10.6020    1.6050   38.9750    7.5749   10.1887    0.4487    0.7600
   10.6020    1.6250   38.9750    7.6693   10.0568    0.4553    0.7576
   10.6020    1.6450   38.9750    7.7637    9.9249    0.4619    0.7553
   10.6020    1.6650   38.9750    7.8581    9.7929    0.4686    0.7529
   10.6020    1.6850   38.9750    7.9525    9.6610    0.4753    0.7506
   10.6020    1.7050   38.9750    8.0469    9.5291    0.4820    0.7483
   10.6020    1.7250   38.9750    8.1413    9.3972    0.4887    0.7460
   10.6020    1.7450   38.9750    8.2357    9.2652    0.4955    0.7437
   10.6020    1.7650   38.9750    8.3301    9.1333    0.5023    0.7415
   10.6020    1.7850   38.9750    8.4244    9.0014    0.5092    0.7392
   10.6020    1.8050   38.9750    8.5188    8.8695    0.5160    0.7370
   10.6020    1.8250   38.9750    8.6132    8.7376    0.5230    0.7348
   10.6020    1.8450   38.9750    8.7076    8.6056    0.5299    0.7327
   10.6020    1.8650   38.9750    8.8020    8.4737    0.5369    0.7306
   10.6020    1.8850   38.9750    8.8964    8.3418    0.5439    0.7284
   10.6020    1.9050   38.9750    8.9908    8.2099    0.5509    0.7264
   10.6020    1.9250   38.9750    9.0852    8.0779    0.5580    0.7243
   10.6020    1.9450   38.9750    9.1796    7.9460    0.5651    0.7223
   10.6020    1.9650   38.9750    9.2740    7.8141    0.5722    0.7203
   10.6020    1.9850   38.9750    9.3684    7.6822    0.5794    0.7183
   10.6020    2.0050   38.9750    9.4628    7.5503    0.5866    0.7164
   10.6020    2.0250   38.9750    9.5571    7.4183    0.5938    0.7145
   10.6020    2.0450   38.9750    9.6515    7.2864    0.6011    0.7127
   10.6020    2.0650   38.9750    9.7459    7.1545    0.6084    0.7109
   10.6020    2.0850   38.9750    9.8403    7.0226    0.6157    0.7092
   10.6020    2.1050   38.9750    9.9347    6.8906    0.6231    0.7075
   10.6020    2.1250   38.9750   10.0291    6.7587    0.6305    0.7059
   10.6020    2.1450   38.9750   10.1235    6.6268    0.6379    0.7044
   10.6020    2.1650   38.9750   10.2179    6.4949    0.6454    0.7029
   10.6020    2.1850   38.9750   10.3123    6.3630    0.6529    0.7016
   10.6020    2.2050   38.9750   10.4067    6.2310    0.6604    0.7003
   10.6020    2.2250   38.9750   10.5011    6.0991    0.6680    0.6991
   10.6020    2.2450   38.9750   10.5954    5.9672    0.6756    0.6980
   10.6020    2.2650   38.9750   10.6898    5.8353    0.6833    0.6970
   10.6020    2.2850   38.9750   10.7842    5.7033    0.6910    0.6961
   10.6020    2.3050   38.9750   10.8786    5.5714    0.6987    0.6954
   10.6020    2.3250   38.9750   10.9730    5.4395    0.7065    0.6948
   10.6020    2.3450   38.9750   11.0674    5.3076    0.7143    0.6943
   10.6020    2.3650   38.9750   11.1618    5.1757    0.7221    0.6941
   10.6020    2.3850   38.9750   11.2562    5.0437    0.7300    0.6940
   10.6020    2.4050   38.9750   11.3506    4.9118    0.7379    0.6941
   10.6020    2.4250   38.9750   11.4450    4.7799    0.7459    0.6944
   10.6020    2.4450   38.9750   11.5394    4.6480    0.7539    0.6951
   10.6020    2.4650   38.9750   11.6338    4.5160    0.7619    0.6960
   10.6020    2.4850   38.9750   11.7281    4.3841    0.7700    0.6972
   10.6020    2.5050   38.9750   11.8225    4.2522    0.7781    0.6988
   10.6020    2.5250   38.9750   11.9169    4.1203    0.7862    0.7008
   10.6020    2.5450   38.9750   12.0113    3.9883    0.7944    0.7034
   10.6020    2.5650   38.9750   12.1057    3.8564    0.8027    0.7065
   10.6020    2.5850   38.9750   12.2001    3.7245    0.8109    0.7103
   10.6020    2.6050   38.9750   12.2945    3.5926    0.8193    0.7148
   10.6020    2.6250   38.9750   12.3889    3.4607    0.8276    0.7204
   10.6020    2.6450   38.9750   12.4833    3.3287    0.8360    0.7270
   10.6020    2.6650   38.9750   12.5777    3.1968    0.8445    0.7351
   10.6020    2.6850   38.9750   12.6721    3.0649    0.8530    0.7449
   10.6020    2.7050   38.9750   12.7665    2.9330    0.8615    0.7568
   10.6020    2.7250   38.9750   12.8608    2.8010    0.8701    0.7714
   10.6020    2.7450   38.9750   12.9552    2.6691    0.8787    0.7895
   10.6020    2.7650   38.9750   13.0496    2.5372    0.8873    0.8120
   10.6020    2.7850   38.9750   13.1440    2.4053    0.8960    0.8403
   10.6020    2.8050   38.9750   13.2384    2.2734    0.9048    0.8762
   10.6020    2.8250   38.9750   13.3328    2.1414    0.9136    0.9230
   10.6020    2.8450   38.9750   13.4272    2.0095    0.9224    0.9858
   10.6020    2.8650   38.9750   13.5216    1.8776    0.9313    1.0738
   10.6020    2.8850   38.9750   13.6160    1.7457    0.9402    1.2042
   10.6020    2.9050   38.9750   13.7104    1.6137    0.9492    1.4142
   10.6020    2.9250   38.9750   13.8048    1.4818    0.9582    1.7996
   10.6020    2.9450   38.9750   13.8992    1.3499    0.9673    2.7109
   10.6020    0.9350   58.9800    9.6088    9.4121    0.5297    0.7315
   10.6020    0.9550   58.9800    9.8143    9.1690    0.5421    0.7276
   10.6020    0.9750   58.9800   10.0199    8.9260    0.5546    0.7238
   10.6020    0.9950   58.9800   10.2254    8.6829    0.5672    0.7201
   10.6020    1.0150   58.9800   10.4309    8.4398    0.5798    0.7165
   10.6020    1.0350   58.9800   10.6365    8.1968    0.5925    0.7130
   10.6020    1.0550   58.9800   10.8420    7.9537    0.6052    0.7096
   10.6020    1.0750   58.9800   11.0475    7.7106    0.6179    0.7065
   10.6020    1.0950   58.9800   11.2531    7.4676    0.6308    0.7035
   10.6020    1.1150   58.9800   11.4586    7.2245    0.6436    0.7007
   10.6020    1.1350   58.9800   11.6642    6.9814    0.6566    0.6982
   10.6020    1.1550   58.9800   11.8697    6.7384    0.6696    0.6959
   10.6020    1.1750   58.9800   12.0752    6.4953    0.6826    0.6940
   10.6020    1.1950   58.9800   12.2808    6.2522    0.6957    0.6925
   10.6020    1.2150   58.9800   12.4863    6.0092    0.7088    0.6913
   10.6020    1.2350   58.9800   12.6918    5.7661    0.7220    0.6907
   10.6020    1.2550   58.9800   12.8974    5.5230    0.7353    0.6906
   10.6020    1.2750   58.9800   13.1029    5.2800    0.7486    0.6912
   10.6020    1.2950   58.9800   13.3084    5.0369    0.7620    0.6926
   10.6020    1.3150   58.9800   13.5140    4.7938    0.7754    0.6951
   10.6020    1.3350   58.9800   13.7195    4.5508    0.7889    0.6987
   10.6020    1.3550   58.9800   13.9250    4.3077    0.8025    0.7040
   10.6020    1.3750   58.9800   14.1306    4.0646    0.8161    0.7111
   10.6020    1.3950   58.9800   14.3361    3.8216    0.8298    0.7209
   10.6020    1.4150   58.9800   14.5417    3.5785    0.8435    0.7340
   10.6020    1.4350   58.9800   14.7472    3.3354    0.8573    0.7516
   10.6020    1.4550   58.9800   14.9527    3.0924    0.8711    0.7758
   10.6020    1.4750   58.9800   15.1583    2.8493    0.8850    0.8092
   10.6020    1.4950   58.9800   15.3638    2.6062    0.8990    0.8567
   10.6020    1.5150   58.9800   15.5693    2.3632    0.9130    0.9264
   10.6020    1.5350   58.9800   15.7749    2.1201    0.9271    1.0360
   10.6020    1.5550   58.9800   15.9804    1.8770    0.9413    1.2270
   10.6020    1.5750   58.9800   16.1859    1.6340    0.9555    1.6255
   10.6020    1.5950   58.9800   16.3915    1.3909    0.9698    2.8675
